[gd_scene load_steps=8 format=2]

[ext_resource path="res://scenes/Player.tscn" type="PackedScene" id=1]
[ext_resource path="res://scenes/HUD/Main.tscn" type="PackedScene" id=2]
[ext_resource path="res://scenes/Station/Main.tscn" type="PackedScene" id=3]
[ext_resource path="res://scripts/Main.gd" type="Script" id=4]
[ext_resource path="res://scripts/Station/MarketResource.gd" type="Script" id=5]
[ext_resource path="res://scenes/Asteroid/Main.tscn" type="PackedScene" id=6]
[ext_resource path="res://scenes/Station/StationBuilding.tscn" type="PackedScene" id=7]

[node name="Main" type="Spatial"]
script = ExtResource( 4 )

[node name="HUD" parent="." instance=ExtResource( 2 )]

[node name="Player" parent="." instance=ExtResource( 1 )]

[node name="StarLight" type="DirectionalLight" parent="."]
transform = Transform( -0.42091, 0.549845, -0.72146, -0.490426, 0.531142, 0.69092, 0.763097, 0.644638, 0.0460953, 9.33116, 2.52591, 0 )
light_energy = 0.2

[node name="Universe" type="Spatial" parent="."]

[node name="Stations" type="Spatial" parent="Universe"]

[node name="Alpha" parent="Universe/Stations" instance=ExtResource( 3 )]
transform = Transform( 0.553147, 0.386757, -0.737867, -0.573019, 0.819542, 0, 0.604713, 0.422811, 0.674946, 0, 0, -213.398 )

[node name="Metal" type="Node" parent="Universe/Stations/Alpha"]
script = ExtResource( 5 )
buy_price = 7.0
sell_price = 6.0

[node name="Vacant" parent="Universe/Stations/Alpha" instance=ExtResource( 7 )]

[node name="ElectrolysisPlan2" parent="Universe/Stations/Alpha" instance=ExtResource( 7 )]
building_type = 1

[node name="Beta" parent="Universe/Stations" instance=ExtResource( 3 )]
transform = Transform( 0.699855, -0.474396, -0.533996, 0.377148, 0.880312, -0.287768, 0.606599, 0, 0.795008, 436.348, -134.14, -130.269 )

[node name="Metal" type="Node" parent="Universe/Stations/Beta"]
script = ExtResource( 5 )
buy_price = 8.0
sell_price = 7.0

[node name="Asteroids" type="Spatial" parent="Universe"]

[node name="Asteroid" parent="Universe/Asteroids" instance=ExtResource( 6 )]
transform = Transform( 1, 0, 0, 0, 1, 0, 0, 0, 1, 251.279, 0, -398.764 )
angular_velocity = Vector3( 0.3, 0.3, 0.2 )
[connection signal="body_entered" from="Player" to="HUD" method="_on_Player_body_entered"]
[connection signal="cargo_updated" from="Player" to="HUD" method="_on_Player_cargo_updated"]
[connection signal="credits_updated" from="Player" to="HUD" method="_on_Player_credits_updated"]
[connection signal="docked" from="Player" to="HUD" method="_on_Player_docked"]
[connection signal="docking_position_updated" from="Player" to="HUD" method="_on_Player_docking_position_updated"]
[connection signal="end_docking" from="Player" to="HUD" method="_on_Player_is_docking_changed" binds= [ false ]]
[connection signal="start_docking" from="Player" to="HUD" method="_on_Player_is_docking_changed" binds= [ true ]]
[connection signal="take_off" from="Player" to="HUD" method="_on_Player_take_off"]
[connection signal="target_velocity_changed" from="Player" to="HUD" method="_on_Player_target_velocity_changed"]
[connection signal="velocity_changed" from="Player" to="HUD" method="_on_Player_velocity_changed"]
