[gd_scene load_steps=5 format=2]

[ext_resource path="res://scenes/Player.tscn" type="PackedScene" id=1]
[ext_resource path="res://scenes/HUD.tscn" type="PackedScene" id=2]
[ext_resource path="res://scenes/Station.tscn" type="PackedScene" id=3]
[ext_resource path="res://scenes/Asteroid.tscn" type="PackedScene" id=4]

[node name="Main" type="Spatial"]

[node name="Player" parent="." instance=ExtResource( 1 )]

[node name="HUD" parent="." instance=ExtResource( 2 )]

[node name="Station-1" parent="." instance=ExtResource( 3 )]
transform = Transform( 0.707107, 0.5, 0.5, 0, 0.707107, -0.707107, -0.707107, 0.5, 0.5, 0.237198, 1.90735e-06, -199.776 )

[node name="Station-2" parent="." instance=ExtResource( 3 )]
transform = Transform( 0.751786, -0.60528, 0.261639, 0.535677, 0.329206, -0.777608, 0.384538, 0.724748, 0.571727, 273.893, -34.796, -390.134 )

[node name="Asteroid" parent="." instance=ExtResource( 4 )]
transform = Transform( 1, 0, 0, 0, 1, 0, 0, 0, 1, 119.281, -54.1127, -236.215 )
angular_velocity = Vector3( 0.3, 0.2, 0.1 )

[node name="DirectionalLight" type="DirectionalLight" parent="."]
transform = Transform( -0.42091, 0.549845, -0.72146, -0.490426, 0.531142, 0.69092, 0.763097, 0.644638, 0.0460951, 9.33116, 2.52591, 0 )
light_energy = 0.2
[connection signal="body_entered" from="Player" to="HUD" method="_on_Player_body_entered"]
[connection signal="docked" from="Player" to="HUD" method="_on_Player_docked"]
[connection signal="docking_position_updated" from="Player" to="HUD" method="_on_Player_docking_position_updated"]
[connection signal="end_docking" from="Player" to="HUD" method="_on_Player_is_docking_changed" binds= [ false ]]
[connection signal="start_docking" from="Player" to="HUD" method="_on_Player_is_docking_changed" binds= [ true ]]
[connection signal="target_velocity_changed" from="Player" to="HUD" method="_on_Player_target_velocity_changed"]
[connection signal="velocity_changed" from="Player" to="HUD" method="_on_Player_velocity_changed"]
