[gd_scene load_steps=6 format=2]

[ext_resource path="res://scripts/Universe/Universe.gd" type="Script" id=1]
[ext_resource path="res://scenes/Universe/Station/Station.tscn" type="PackedScene" id=2]
[ext_resource path="res://scenes/Universe/Station/StationBuilding.tscn" type="PackedScene" id=3]
[ext_resource path="res://scenes/Universe/Player.tscn" type="PackedScene" id=4]
[ext_resource path="res://scenes/Universe/AsteroidField.tscn" type="PackedScene" id=5]

[node name="Universe" type="Spatial" groups=[
"Persist",
]]
script = ExtResource( 1 )
universe_scale = 100000.0

[node name="Stations" type="Spatial" parent="."]

[node name="Dirac" parent="Stations" instance=ExtResource( 2 )]
transform = Transform( 0.610173, -0.787074, 0.0905718, -0.132908, -0.214389, -0.967664, 0.781041, 0.578404, -0.235422, -11.9, -0.28, 6.44 )

[node name="Vacant0" parent="Stations/Dirac" instance=ExtResource( 3 )]

[node name="Vacant1" parent="Stations/Dirac" instance=ExtResource( 3 )]

[node name="Vacant2" parent="Stations/Dirac" instance=ExtResource( 3 )]

[node name="Abrikosov" parent="Stations" instance=ExtResource( 2 )]
transform = Transform( -0.137383, 0.841132, 0.523089, -0.529013, 0.384165, -0.756679, -0.83742, -0.380676, 0.392192, -7.56, -1.4, 9.94 )

[node name="Vacant0" parent="Stations/Abrikosov" instance=ExtResource( 3 )]

[node name="Vacant1" parent="Stations/Abrikosov" instance=ExtResource( 3 )]

[node name="Vacant2" parent="Stations/Abrikosov" instance=ExtResource( 3 )]

[node name="Vacant3" parent="Stations/Abrikosov" instance=ExtResource( 3 )]

[node name="Vacant4" parent="Stations/Abrikosov" instance=ExtResource( 3 )]

[node name="Vacant5" parent="Stations/Abrikosov" instance=ExtResource( 3 )]

[node name="Adler" parent="Stations" instance=ExtResource( 2 )]
transform = Transform( -0.518471, 0.781751, -0.346488, 0.338328, -0.184594, -0.922745, -0.785317, -0.595643, -0.168782, -3.5, -0.42, 12.46 )

[node name="Vacant0" parent="Stations/Adler" instance=ExtResource( 3 )]

[node name="Vacant1" parent="Stations/Adler" instance=ExtResource( 3 )]

[node name="Vacant2" parent="Stations/Adler" instance=ExtResource( 3 )]

[node name="Vacant3" parent="Stations/Adler" instance=ExtResource( 3 )]

[node name="Vacant4" parent="Stations/Adler" instance=ExtResource( 3 )]

[node name="Vacant5" parent="Stations/Adler" instance=ExtResource( 3 )]

[node name="Alcubierre" parent="Stations" instance=ExtResource( 2 )]
transform = Transform( -0.461598, 0.480247, -0.745848, -0.437826, 0.607903, 0.662391, 0.771515, 0.63231, -0.0703424, -3.92, 7.7, 10.92 )

[node name="Vacant0" parent="Stations/Alcubierre" instance=ExtResource( 3 )]

[node name="Vacant1" parent="Stations/Alcubierre" instance=ExtResource( 3 )]

[node name="Vacant2" parent="Stations/Alcubierre" instance=ExtResource( 3 )]

[node name="Alferov" parent="Stations" instance=ExtResource( 2 )]
transform = Transform( -0.444064, 0.0526108, -0.894449, 0.506693, -0.808574, -0.299115, -0.738965, -0.586037, 0.332401, -1.26, 2.1, 8.96 )

[node name="Vacant0" parent="Stations/Alferov" instance=ExtResource( 3 )]

[node name="Vacant1" parent="Stations/Alferov" instance=ExtResource( 3 )]

[node name="Vacant2" parent="Stations/Alferov" instance=ExtResource( 3 )]

[node name="Vacant3" parent="Stations/Alferov" instance=ExtResource( 3 )]

[node name="Vacant4" parent="Stations/Alferov" instance=ExtResource( 3 )]

[node name="Vacant5" parent="Stations/Alferov" instance=ExtResource( 3 )]

[node name="Vacant6" parent="Stations/Alferov" instance=ExtResource( 3 )]

[node name="Alvarez" parent="Stations" instance=ExtResource( 2 )]
transform = Transform( 0.703113, 0.480183, 0.524458, 0.376905, 0.373752, -0.847497, -0.602971, 0.793557, 0.0818067, -2.66, 4.62, 12.88 )

[node name="Vacant0" parent="Stations/Alvarez" instance=ExtResource( 3 )]

[node name="Vacant1" parent="Stations/Alvarez" instance=ExtResource( 3 )]

[node name="Vacant2" parent="Stations/Alvarez" instance=ExtResource( 3 )]

[node name="Vacant3" parent="Stations/Alvarez" instance=ExtResource( 3 )]

[node name="Vacant4" parent="Stations/Alvarez" instance=ExtResource( 3 )]

[node name="Vacant5" parent="Stations/Alvarez" instance=ExtResource( 3 )]

[node name="Vacant6" parent="Stations/Alvarez" instance=ExtResource( 3 )]

[node name="Ampere" parent="Stations" instance=ExtResource( 2 )]
transform = Transform( 0.396641, 0.917712, 0.0219409, 0.794211, -0.355053, 0.49312, 0.460332, -0.178166, -0.869685, 2.24, -0.42, 9.94 )

[node name="Vacant0" parent="Stations/Ampere" instance=ExtResource( 3 )]

[node name="Vacant1" parent="Stations/Ampere" instance=ExtResource( 3 )]

[node name="Arago" parent="Stations" instance=ExtResource( 2 )]
transform = Transform( 0.589016, -0.103533, 0.801462, -0.694169, 0.442951, 0.567384, -0.413752, -0.890548, 0.189036, 1.54, -4.9, 11.34 )

[node name="Vacant0" parent="Stations/Arago" instance=ExtResource( 3 )]

[node name="Vacant1" parent="Stations/Arago" instance=ExtResource( 3 )]

[node name="Vacant2" parent="Stations/Arago" instance=ExtResource( 3 )]

[node name="Avicenna" parent="Stations" instance=ExtResource( 2 )]
transform = Transform( 0.75931, -0.303816, 0.575451, -0.423589, -0.902075, 0.0826674, 0.493984, -0.306525, -0.813648, -11.76, 0.7, 1.4 )

[node name="Vacant0" parent="Stations/Avicenna" instance=ExtResource( 3 )]

[node name="Vacant1" parent="Stations/Avicenna" instance=ExtResource( 3 )]

[node name="Bell" parent="Stations" instance=ExtResource( 2 )]
transform = Transform( -0.0511729, 0.0890886, 0.994708, 0.087658, -0.991768, 0.0933349, 0.994835, 0.0919703, 0.0429424, 3.92, -5.88, 6.44 )

[node name="Vacant0" parent="Stations/Bell" instance=ExtResource( 3 )]

[node name="Vacant1" parent="Stations/Bell" instance=ExtResource( 3 )]

[node name="Vacant2" parent="Stations/Bell" instance=ExtResource( 3 )]

[node name="Vacant3" parent="Stations/Bell" instance=ExtResource( 3 )]

[node name="Vacant4" parent="Stations/Bell" instance=ExtResource( 3 )]

[node name="Vacant5" parent="Stations/Bell" instance=ExtResource( 3 )]

[node name="Bhabha" parent="Stations" instance=ExtResource( 2 )]
transform = Transform( 0.0114973, 0.00254906, 0.999931, 0.594221, -0.804287, -0.0047821, 0.804219, 0.594235, -0.0107618, -11.06, -3.5, 1.82 )

[node name="Vacant0" parent="Stations/Bhabha" instance=ExtResource( 3 )]

[node name="Vacant1" parent="Stations/Bhabha" instance=ExtResource( 3 )]

[node name="Bloch" parent="Stations" instance=ExtResource( 2 )]
transform = Transform( -0.700458, -0.131896, -0.7014, -0.129439, 0.989954, -0.0568934, 0.701857, 0.0509368, -0.710494, 9.94, -3.08, 4.2 )

[node name="Vacant0" parent="Stations/Bloch" instance=ExtResource( 3 )]

[node name="Vacant1" parent="Stations/Bloch" instance=ExtResource( 3 )]

[node name="Vacant2" parent="Stations/Bloch" instance=ExtResource( 3 )]

[node name="Vacant3" parent="Stations/Bloch" instance=ExtResource( 3 )]

[node name="Vacant4" parent="Stations/Bloch" instance=ExtResource( 3 )]

[node name="Bogolyubov" parent="Stations" instance=ExtResource( 2 )]
transform = Transform( 0.655455, 0.60723, 0.449055, 0.731182, -0.361356, -0.578615, -0.189084, 0.707597, -0.680848, -10.64, -4.2, -3.64 )

[node name="Vacant0" parent="Stations/Bogolyubov" instance=ExtResource( 3 )]

[node name="Vacant1" parent="Stations/Bogolyubov" instance=ExtResource( 3 )]

[node name="Vacant2" parent="Stations/Bogolyubov" instance=ExtResource( 3 )]

[node name="Vacant3" parent="Stations/Bogolyubov" instance=ExtResource( 3 )]

[node name="Vacant4" parent="Stations/Bogolyubov" instance=ExtResource( 3 )]

[node name="Bohm" parent="Stations" instance=ExtResource( 2 )]
transform = Transform( -0.844268, 0.534759, 0.0352792, -0.185241, -0.35296, 0.917118, 0.502889, 0.767758, 0.397052, 7.28, 1.54, 3.5 )

[node name="Vacant0" parent="Stations/Bohm" instance=ExtResource( 3 )]

[node name="Vacant1" parent="Stations/Bohm" instance=ExtResource( 3 )]

[node name="Vacant2" parent="Stations/Bohm" instance=ExtResource( 3 )]

[node name="Vacant3" parent="Stations/Bohm" instance=ExtResource( 3 )]

[node name="Bohr" parent="Stations" instance=ExtResource( 2 )]
transform = Transform( 0.348627, 0.111083, -0.930656, -0.323136, 0.946318, -0.0080955, 0.879797, 0.303551, 0.365807, 9.1, -6.3, 7.84 )

[node name="Vacant0" parent="Stations/Bohr" instance=ExtResource( 3 )]

[node name="Vacant1" parent="Stations/Bohr" instance=ExtResource( 3 )]

[node name="Vacant2" parent="Stations/Bohr" instance=ExtResource( 3 )]

[node name="Vacant3" parent="Stations/Bohr" instance=ExtResource( 3 )]

[node name="Boltzmann" parent="Stations" instance=ExtResource( 2 )]
transform = Transform( -0.0428214, 0.0300907, -0.99863, -0.910933, 0.40934, 0.0513952, 0.410326, 0.911885, 0.00988205, 5.74, 5.32, 1.12 )

[node name="Vacant0" parent="Stations/Boltzmann" instance=ExtResource( 3 )]

[node name="Vacant1" parent="Stations/Boltzmann" instance=ExtResource( 3 )]

[node name="Vacant2" parent="Stations/Boltzmann" instance=ExtResource( 3 )]

[node name="Vacant3" parent="Stations/Boltzmann" instance=ExtResource( 3 )]

[node name="Vacant4" parent="Stations/Boltzmann" instance=ExtResource( 3 )]

[node name="Born" parent="Stations" instance=ExtResource( 2 )]
transform = Transform( -0.443195, 0.396059, 0.804186, 0.895677, 0.159012, 0.415304, 0.0366089, 0.904352, -0.425214, 0, 7.84, -4.06 )

[node name="Vacant0" parent="Stations/Born" instance=ExtResource( 3 )]

[node name="Vacant1" parent="Stations/Born" instance=ExtResource( 3 )]

[node name="Bose" parent="Stations" instance=ExtResource( 2 )]
transform = Transform( -0.831435, -0.468022, -0.299451, -0.444725, 0.237493, 0.863607, -0.333069, 0.851207, -0.405601, 8.4, 9.24, -2.94 )

[node name="Vacant0" parent="Stations/Bose" instance=ExtResource( 3 )]

[node name="Vacant1" parent="Stations/Bose" instance=ExtResource( 3 )]

[node name="Vacant2" parent="Stations/Bose" instance=ExtResource( 3 )]

[node name="Boyle" parent="Stations" instance=ExtResource( 2 )]
transform = Transform( 0.945413, -0.0803753, 0.315808, 0.323463, 0.113749, -0.939379, 0.0395801, 0.990253, 0.133538, -3.5, -6.58, -8.26 )

[node name="Vacant0" parent="Stations/Boyle" instance=ExtResource( 3 )]

[node name="Vacant1" parent="Stations/Boyle" instance=ExtResource( 3 )]

[node name="Vacant2" parent="Stations/Boyle" instance=ExtResource( 3 )]

[node name="Vacant3" parent="Stations/Boyle" instance=ExtResource( 3 )]

[node name="Vacant4" parent="Stations/Boyle" instance=ExtResource( 3 )]

[node name="Bragg" parent="Stations" instance=ExtResource( 2 )]
transform = Transform( -0.310504, 0.323765, 0.893736, -0.700063, 0.558141, -0.44541, -0.643039, -0.763973, 0.0533509, -2.94, -1.26, 2.94 )

[node name="Vacant0" parent="Stations/Bragg" instance=ExtResource( 3 )]

[node name="Vacant1" parent="Stations/Bragg" instance=ExtResource( 3 )]

[node name="Vacant2" parent="Stations/Bragg" instance=ExtResource( 3 )]

[node name="Vacant3" parent="Stations/Bragg" instance=ExtResource( 3 )]

[node name="Brillouin" parent="Stations" instance=ExtResource( 2 )]
transform = Transform( -0.272867, 0.405525, 0.872406, -0.949368, -0.260271, -0.175956, 0.155707, -0.876247, 0.456012, 4.06, -2.66, 0.7 )

[node name="Vacant0" parent="Stations/Brillouin" instance=ExtResource( 3 )]

[node name="Vacant1" parent="Stations/Brillouin" instance=ExtResource( 3 )]

[node name="Vacant2" parent="Stations/Brillouin" instance=ExtResource( 3 )]

[node name="Broglie" parent="Stations" instance=ExtResource( 2 )]
transform = Transform( 0.380736, -0.849308, -0.365673, -0.885342, -0.220698, -0.409222, 0.266852, 0.479551, -0.835955, -6.44, 6.02, -6.44 )

[node name="Vacant0" parent="Stations/Broglie" instance=ExtResource( 3 )]

[node name="Vacant1" parent="Stations/Broglie" instance=ExtResource( 3 )]

[node name="Vacant2" parent="Stations/Broglie" instance=ExtResource( 3 )]

[node name="Carnot" parent="Stations" instance=ExtResource( 2 )]
transform = Transform( -0.0927884, -0.0598561, 0.993885, 0.641498, 0.759815, 0.105649, -0.761492, 0.647378, -0.0321044, -13.44, 1.82, -2.24 )

[node name="Vacant0" parent="Stations/Carnot" instance=ExtResource( 3 )]

[node name="Vacant1" parent="Stations/Carnot" instance=ExtResource( 3 )]

[node name="Vacant2" parent="Stations/Carnot" instance=ExtResource( 3 )]

[node name="Vacant3" parent="Stations/Carnot" instance=ExtResource( 3 )]

[node name="Vacant4" parent="Stations/Carnot" instance=ExtResource( 3 )]

[node name="Vacant5" parent="Stations/Carnot" instance=ExtResource( 3 )]

[node name="Vacant6" parent="Stations/Carnot" instance=ExtResource( 3 )]

[node name="Casimir" parent="Stations" instance=ExtResource( 2 )]
transform = Transform( 0.363043, -0.567189, -0.739254, 0.811236, 0.58269, -0.0486729, 0.458363, -0.582039, 0.671665, -9.1, -3.5, 4.76 )

[node name="Vacant0" parent="Stations/Casimir" instance=ExtResource( 3 )]

[node name="Vacant1" parent="Stations/Casimir" instance=ExtResource( 3 )]

[node name="Vacant2" parent="Stations/Casimir" instance=ExtResource( 3 )]

[node name="Vacant3" parent="Stations/Casimir" instance=ExtResource( 3 )]

[node name="Chandrasekhar" parent="Stations" instance=ExtResource( 2 )]
transform = Transform( 0.407965, -0.682923, 0.605954, -0.522853, 0.369329, 0.768258, -0.748458, -0.630248, -0.206395, -3.92, -4.62, -12.32 )

[node name="Vacant0" parent="Stations/Chandrasekhar" instance=ExtResource( 3 )]

[node name="Vacant1" parent="Stations/Chandrasekhar" instance=ExtResource( 3 )]

[node name="Vacant2" parent="Stations/Chandrasekhar" instance=ExtResource( 3 )]

[node name="Vacant3" parent="Stations/Chandrasekhar" instance=ExtResource( 3 )]

[node name="Vacant4" parent="Stations/Chandrasekhar" instance=ExtResource( 3 )]

[node name="Cherenkov" parent="Stations" instance=ExtResource( 2 )]
transform = Transform( -0.463014, 0.627367, 0.626122, 0.857534, 0.138408, 0.495459, 0.224174, 0.766325, -0.602073, -8.26, 9.1, -2.1 )

[node name="Vacant0" parent="Stations/Cherenkov" instance=ExtResource( 3 )]

[node name="Vacant1" parent="Stations/Cherenkov" instance=ExtResource( 3 )]

[node name="Vacant2" parent="Stations/Cherenkov" instance=ExtResource( 3 )]

[node name="Compton" parent="Stations" instance=ExtResource( 2 )]
transform = Transform( 0.667586, -0.282663, -0.688789, -0.03831, -0.936946, 0.347369, -0.743546, -0.205511, -0.636321, -0.14, 4.34, 0.14 )

[node name="Vacant0" parent="Stations/Compton" instance=ExtResource( 3 )]

[node name="Vacant1" parent="Stations/Compton" instance=ExtResource( 3 )]

[node name="Vacant2" parent="Stations/Compton" instance=ExtResource( 3 )]

[node name="Vacant3" parent="Stations/Compton" instance=ExtResource( 3 )]

[node name="Vacant4" parent="Stations/Compton" instance=ExtResource( 3 )]

[node name="Vacant5" parent="Stations/Compton" instance=ExtResource( 3 )]

[node name="Cooper" parent="Stations" instance=ExtResource( 2 )]
transform = Transform( -0.0827728, 0.822391, 0.562868, 0.978087, -0.0412313, 0.204075, 0.191037, 0.567426, -0.800957, -7.7, 0, -9.38 )

[node name="Vacant0" parent="Stations/Cooper" instance=ExtResource( 3 )]

[node name="Vacant1" parent="Stations/Cooper" instance=ExtResource( 3 )]

[node name="Coriolis" parent="Stations" instance=ExtResource( 2 )]
transform = Transform( -0.0250803, -0.146729, -0.988859, -0.178947, -0.972534, 0.148845, -0.983539, 0.180686, -0.00186524, 1.54, -3.5, 3.92 )

[node name="Vacant0" parent="Stations/Coriolis" instance=ExtResource( 3 )]

[node name="Vacant1" parent="Stations/Coriolis" instance=ExtResource( 3 )]

[node name="Vacant2" parent="Stations/Coriolis" instance=ExtResource( 3 )]

[node name="Vacant3" parent="Stations/Coriolis" instance=ExtResource( 3 )]

[node name="Vacant4" parent="Stations/Coriolis" instance=ExtResource( 3 )]

[node name="Coulomb" parent="Stations" instance=ExtResource( 2 )]
transform = Transform( 0.491199, -0.808919, -0.323069, -0.688573, -0.133447, -0.712783, 0.533471, 0.572574, -0.622549, 1.26, -7.14, 2.66 )

[node name="Vacant0" parent="Stations/Coulomb" instance=ExtResource( 3 )]

[node name="Vacant1" parent="Stations/Coulomb" instance=ExtResource( 3 )]

[node name="Vacant2" parent="Stations/Coulomb" instance=ExtResource( 3 )]

[node name="Vacant3" parent="Stations/Coulomb" instance=ExtResource( 3 )]

[node name="Vacant4" parent="Stations/Coulomb" instance=ExtResource( 3 )]

[node name="Curie" parent="Stations" instance=ExtResource( 2 )]
transform = Transform( -0.225571, -0.252727, 0.940875, 0.919765, -0.373626, 0.120151, 0.32117, 0.892487, 0.316729, -0.42, 2.94, -13.3 )

[node name="Vacant0" parent="Stations/Curie" instance=ExtResource( 3 )]

[node name="Vacant1" parent="Stations/Curie" instance=ExtResource( 3 )]

[node name="Vacant2" parent="Stations/Curie" instance=ExtResource( 3 )]

[node name="Vacant3" parent="Stations/Curie" instance=ExtResource( 3 )]

[node name="Vacant4" parent="Stations/Curie" instance=ExtResource( 3 )]

[node name="Vacant5" parent="Stations/Curie" instance=ExtResource( 3 )]

[node name="Vacant6" parent="Stations/Curie" instance=ExtResource( 3 )]

[node name="d\'Alembert" parent="Stations" instance=ExtResource( 2 )]
transform = Transform( 0.161496, 0.355212, 0.92073, -0.903126, -0.322925, 0.282991, 0.397848, -0.877236, 0.26865, -0.42, 9.52, 5.18 )

[node name="Vacant0" parent="Stations/d\'Alembert" instance=ExtResource( 3 )]

[node name="Vacant1" parent="Stations/d\'Alembert" instance=ExtResource( 3 )]

[node name="Vacant2" parent="Stations/d\'Alembert" instance=ExtResource( 3 )]

[node name="Vacant3" parent="Stations/d\'Alembert" instance=ExtResource( 3 )]

[node name="Deutsch" parent="Stations" instance=ExtResource( 2 )]
transform = Transform( 0.31685, -0.922325, -0.221187, -0.945174, -0.326484, 0.0074426, -0.0790785, 0.206702, -0.975203, 2.8, -10.36, -7.28 )

[node name="Vacant0" parent="Stations/Deutsch" instance=ExtResource( 3 )]

[node name="Vacant1" parent="Stations/Deutsch" instance=ExtResource( 3 )]

[node name="Vacant2" parent="Stations/Deutsch" instance=ExtResource( 3 )]

[node name="Vacant3" parent="Stations/Deutsch" instance=ExtResource( 3 )]

[node name="Vacant4" parent="Stations/Deutsch" instance=ExtResource( 3 )]

[node name="Vacant5" parent="Stations/Deutsch" instance=ExtResource( 3 )]

[node name="Vacant6" parent="Stations/Deutsch" instance=ExtResource( 3 )]

[node name="Doppler" parent="Stations" instance=ExtResource( 2 )]
transform = Transform( -0.818456, -0.507441, 0.269506, -0.512999, 0.856626, 0.0549885, -0.258769, -0.0932509, -0.961427, 5.6, 10.08, 2.24 )

[node name="Vacant0" parent="Stations/Doppler" instance=ExtResource( 3 )]

[node name="Vacant1" parent="Stations/Doppler" instance=ExtResource( 3 )]

[node name="Drell" parent="Stations" instance=ExtResource( 2 )]
transform = Transform( 0.132696, 0.235627, -0.962742, -0.354087, -0.895964, -0.268088, -0.92575, 0.376469, -0.0354583, -1.82, -2.94, 9.8 )

[node name="Vacant0" parent="Stations/Drell" instance=ExtResource( 3 )]

[node name="Vacant1" parent="Stations/Drell" instance=ExtResource( 3 )]

[node name="Vacant2" parent="Stations/Drell" instance=ExtResource( 3 )]

[node name="Vacant3" parent="Stations/Drell" instance=ExtResource( 3 )]

[node name="Vacant4" parent="Stations/Drell" instance=ExtResource( 3 )]

[node name="Vacant5" parent="Stations/Drell" instance=ExtResource( 3 )]

[node name="Drude" parent="Stations" instance=ExtResource( 2 )]
transform = Transform( 0.102844, -0.457781, 0.883097, -0.696535, -0.666947, -0.264616, 0.710115, -0.587893, -0.387451, -3.64, -0.98, -10.78 )

[node name="Vacant0" parent="Stations/Drude" instance=ExtResource( 3 )]

[node name="Vacant1" parent="Stations/Drude" instance=ExtResource( 3 )]

[node name="Dyson" parent="Stations" instance=ExtResource( 2 )]
transform = Transform( -0.317988, 0.785639, 0.530713, -0.880736, -0.452004, 0.141411, 0.350982, -0.422451, 0.835672, 8.82, -2.1, 7.42 )

[node name="Vacant0" parent="Stations/Dyson" instance=ExtResource( 3 )]

[node name="Vacant1" parent="Stations/Dyson" instance=ExtResource( 3 )]

[node name="Vacant2" parent="Stations/Dyson" instance=ExtResource( 3 )]

[node name="Vacant3" parent="Stations/Dyson" instance=ExtResource( 3 )]

[node name="Vacant4" parent="Stations/Dyson" instance=ExtResource( 3 )]

[node name="Vacant5" parent="Stations/Dyson" instance=ExtResource( 3 )]

[node name="Vacant6" parent="Stations/Dyson" instance=ExtResource( 3 )]

[node name="Eckart" parent="Stations" instance=ExtResource( 2 )]
transform = Transform( -0.326564, 0.426225, 0.843616, 0.878334, 0.466533, 0.104294, -0.349122, 0.775035, -0.52672, 0.84, 7.84, 1.82 )

[node name="Vacant0" parent="Stations/Eckart" instance=ExtResource( 3 )]

[node name="Vacant1" parent="Stations/Eckart" instance=ExtResource( 3 )]

[node name="Ehrenfest" parent="Stations" instance=ExtResource( 2 )]
transform = Transform( 0.265328, -0.0376602, 0.963422, 0.861645, -0.439108, -0.254464, 0.43263, 0.897645, -0.0840581, -8.12, 3.08, -2.8 )

[node name="Vacant0" parent="Stations/Ehrenfest" instance=ExtResource( 3 )]

[node name="Vacant1" parent="Stations/Ehrenfest" instance=ExtResource( 3 )]

[node name="Vacant2" parent="Stations/Ehrenfest" instance=ExtResource( 3 )]

[node name="Einstein" parent="Stations" instance=ExtResource( 2 )]
transform = Transform( -0.681724, -0.0763106, -0.727618, 0.497573, 0.680752, -0.537584, 0.536351, -0.728528, -0.426115, 10.5, 7.14, -1.26 )

[node name="Vacant0" parent="Stations/Einstein" instance=ExtResource( 3 )]

[node name="Vacant1" parent="Stations/Einstein" instance=ExtResource( 3 )]

[node name="Vacant2" parent="Stations/Einstein" instance=ExtResource( 3 )]

[node name="Vacant3" parent="Stations/Einstein" instance=ExtResource( 3 )]

[node name="Vacant4" parent="Stations/Einstein" instance=ExtResource( 3 )]

[node name="Vacant5" parent="Stations/Einstein" instance=ExtResource( 3 )]

[node name="Ellis" parent="Stations" instance=ExtResource( 2 )]
transform = Transform( -0.917796, -0.129791, -0.375239, -0.230416, -0.595547, 0.769567, -0.323355, 0.792766, 0.516685, -7.7, -4.62, 0.7 )

[node name="Vacant0" parent="Stations/Ellis" instance=ExtResource( 3 )]

[node name="Vacant1" parent="Stations/Ellis" instance=ExtResource( 3 )]

[node name="Vacant2" parent="Stations/Ellis" instance=ExtResource( 3 )]

[node name="Vacant3" parent="Stations/Ellis" instance=ExtResource( 3 )]

[node name="Euler" parent="Stations" instance=ExtResource( 2 )]
transform = Transform( 0.462868, -0.48897, -0.739365, 0.430533, -0.605096, 0.669701, -0.774851, -0.628304, -0.0695622, 6.16, 3.78, -1.82 )

[node name="Vacant0" parent="Stations/Euler" instance=ExtResource( 3 )]

[node name="Vacant1" parent="Stations/Euler" instance=ExtResource( 3 )]

[node name="Vacant2" parent="Stations/Euler" instance=ExtResource( 3 )]

[node name="Vacant3" parent="Stations/Euler" instance=ExtResource( 3 )]

[node name="Vacant4" parent="Stations/Euler" instance=ExtResource( 3 )]

[node name="Vacant5" parent="Stations/Euler" instance=ExtResource( 3 )]

[node name="Faddeev" parent="Stations" instance=ExtResource( 2 )]
transform = Transform( 0.0997574, -0.785263, -0.611073, -0.457978, 0.50898, -0.728832, 0.883348, 0.352565, -0.308859, -1.12, -11.76, -4.76 )

[node name="Vacant0" parent="Stations/Faddeev" instance=ExtResource( 3 )]

[node name="Vacant1" parent="Stations/Faddeev" instance=ExtResource( 3 )]

[node name="Vacant2" parent="Stations/Faddeev" instance=ExtResource( 3 )]

[node name="Vacant3" parent="Stations/Faddeev" instance=ExtResource( 3 )]

[node name="Vacant4" parent="Stations/Faddeev" instance=ExtResource( 3 )]

[node name="Fahrenheit" parent="Stations" instance=ExtResource( 2 )]
transform = Transform( -0.130646, -0.455363, -0.880668, -0.279579, 0.869153, -0.407933, 0.951193, 0.192921, -0.240861, -6.72, -5.18, 8.96 )

[node name="Vacant0" parent="Stations/Fahrenheit" instance=ExtResource( 3 )]

[node name="Vacant1" parent="Stations/Fahrenheit" instance=ExtResource( 3 )]

[node name="Vacant2" parent="Stations/Fahrenheit" instance=ExtResource( 3 )]

[node name="Vacant3" parent="Stations/Fahrenheit" instance=ExtResource( 3 )]

[node name="Vacant4" parent="Stations/Fahrenheit" instance=ExtResource( 3 )]

[node name="Vacant5" parent="Stations/Fahrenheit" instance=ExtResource( 3 )]

[node name="Faraday" parent="Stations" instance=ExtResource( 2 )]
transform = Transform( 0.829852, 0.445529, -0.335932, 0.35488, -0.886009, -0.298409, -0.430589, 0.12842, -0.893365, -7.42, 7.84, 4.2 )

[node name="Vacant0" parent="Stations/Faraday" instance=ExtResource( 3 )]

[node name="Vacant1" parent="Stations/Faraday" instance=ExtResource( 3 )]

[node name="Fermi" parent="Stations" instance=ExtResource( 2 )]
transform = Transform( -0.254717, -0.857982, -0.446078, 0.0219319, 0.45605, -0.889684, 0.966767, -0.236401, -0.0973463, 7, 3.08, 8.82 )

[node name="Vacant0" parent="Stations/Fermi" instance=ExtResource( 3 )]

[node name="Vacant1" parent="Stations/Fermi" instance=ExtResource( 3 )]

[node name="Vacant2" parent="Stations/Fermi" instance=ExtResource( 3 )]

[node name="Vacant3" parent="Stations/Fermi" instance=ExtResource( 3 )]

[node name="Vacant4" parent="Stations/Fermi" instance=ExtResource( 3 )]

[node name="Vacant5" parent="Stations/Fermi" instance=ExtResource( 3 )]

[node name="Vacant6" parent="Stations/Fermi" instance=ExtResource( 3 )]

[node name="Feynman" parent="Stations" instance=ExtResource( 2 )]
transform = Transform( 0.00445233, 0.0893434, -0.995991, -0.218309, -0.97189, -0.0881573, -0.97587, 0.217826, 0.0151773, -2.24, 10.92, -2.8 )

[node name="Vacant0" parent="Stations/Feynman" instance=ExtResource( 3 )]

[node name="Vacant1" parent="Stations/Feynman" instance=ExtResource( 3 )]

[node name="Vacant2" parent="Stations/Feynman" instance=ExtResource( 3 )]

[node name="Vacant3" parent="Stations/Feynman" instance=ExtResource( 3 )]

[node name="Vacant4" parent="Stations/Feynman" instance=ExtResource( 3 )]

[node name="Fock" parent="Stations" instance=ExtResource( 2 )]
transform = Transform( -0.489416, 0.110732, 0.864991, 0.583863, 0.778381, 0.230708, -0.647746, 0.617949, -0.445605, -5.6, -9.52, -2.94 )

[node name="Vacant0" parent="Stations/Fock" instance=ExtResource( 3 )]

[node name="Vacant1" parent="Stations/Fock" instance=ExtResource( 3 )]

[node name="Vacant2" parent="Stations/Fock" instance=ExtResource( 3 )]

[node name="Vacant3" parent="Stations/Fock" instance=ExtResource( 3 )]

[node name="Vacant4" parent="Stations/Fock" instance=ExtResource( 3 )]

[node name="Foucault" parent="Stations" instance=ExtResource( 2 )]
transform = Transform( 0.754812, 0.066176, 0.652595, 0.624866, -0.37514, -0.684699, 0.199504, 0.924603, -0.324511, -7.42, -1.12, -0.14 )

[node name="Vacant0" parent="Stations/Foucault" instance=ExtResource( 3 )]

[node name="Vacant1" parent="Stations/Foucault" instance=ExtResource( 3 )]

[node name="Vacant2" parent="Stations/Foucault" instance=ExtResource( 3 )]

[node name="Vacant3" parent="Stations/Foucault" instance=ExtResource( 3 )]

[node name="Vacant4" parent="Stations/Foucault" instance=ExtResource( 3 )]

[node name="Fourier" parent="Stations" instance=ExtResource( 2 )]
transform = Transform( -0.432563, 0.0857657, 0.897515, -0.609105, -0.761743, -0.22077, 0.664741, -0.642178, 0.381742, 7, -7.42, -7.98 )

[node name="Vacant0" parent="Stations/Fourier" instance=ExtResource( 3 )]

[node name="Vacant1" parent="Stations/Fourier" instance=ExtResource( 3 )]

[node name="Franklin" parent="Stations" instance=ExtResource( 2 )]
transform = Transform( -0.743729, 0.390219, 0.542766, 0.375927, -0.427242, 0.82228, 0.552762, 0.815594, 0.171058, 5.18, 6.58, -7.42 )

[node name="Vacant0" parent="Stations/Franklin" instance=ExtResource( 3 )]

[node name="Vacant1" parent="Stations/Franklin" instance=ExtResource( 3 )]

[node name="Vacant2" parent="Stations/Franklin" instance=ExtResource( 3 )]

[node name="Vacant3" parent="Stations/Franklin" instance=ExtResource( 3 )]

[node name="Freeman" parent="Stations" instance=ExtResource( 2 )]
transform = Transform( 0.947945, -0.317839, 0.019439, -0.249374, -0.778941, -0.575382, 0.198021, 0.540583, -0.817654, -3.92, 2.66, -2.1 )

[node name="Vacant0" parent="Stations/Freeman" instance=ExtResource( 3 )]

[node name="Vacant1" parent="Stations/Freeman" instance=ExtResource( 3 )]

[node name="Fresnel" parent="Stations" instance=ExtResource( 2 )]
transform = Transform( 0.209199, 0.00735422, 0.977845, 0.935151, -0.293846, -0.197855, 0.285881, 0.955824, -0.0683497, 0.84, -4.06, 0.14 )

[node name="Vacant0" parent="Stations/Fresnel" instance=ExtResource( 3 )]

[node name="Vacant1" parent="Stations/Fresnel" instance=ExtResource( 3 )]

[node name="Vacant2" parent="Stations/Fresnel" instance=ExtResource( 3 )]

[node name="Vacant3" parent="Stations/Fresnel" instance=ExtResource( 3 )]

[node name="Vacant4" parent="Stations/Fresnel" instance=ExtResource( 3 )]

[node name="Friedman" parent="Stations" instance=ExtResource( 2 )]
transform = Transform( -0.00412734, -0.695079, -0.718921, 0.955177, -0.215548, 0.202916, -0.296005, -0.68586, 0.664814, 4.62, 0.42, 7.28 )

[node name="Vacant0" parent="Stations/Friedman" instance=ExtResource( 3 )]

[node name="Vacant1" parent="Stations/Friedman" instance=ExtResource( 3 )]

[node name="Galilei" parent="Stations" instance=ExtResource( 2 )]
transform = Transform( -0.830793, -0.443993, 0.335638, 0.240052, -0.8299, -0.503628, 0.502154, -0.33784, 0.796056, 4.76, 6.72, 9.52 )

[node name="Vacant0" parent="Stations/Galilei" instance=ExtResource( 3 )]

[node name="Vacant1" parent="Stations/Galilei" instance=ExtResource( 3 )]

[node name="Vacant2" parent="Stations/Galilei" instance=ExtResource( 3 )]

[node name="Gauss" parent="Stations" instance=ExtResource( 2 )]
transform = Transform( 0.552374, 0.775404, 0.305993, -0.644076, 0.163963, 0.747183, 0.529197, -0.609807, 0.589988, 7.14, -4.34, -4.34 )

[node name="Vacant0" parent="Stations/Gauss" instance=ExtResource( 3 )]

[node name="Vacant1" parent="Stations/Gauss" instance=ExtResource( 3 )]

[node name="Geiger" parent="Stations" instance=ExtResource( 2 )]
transform = Transform( 0.220044, 0.0269839, -0.975117, -0.23707, -0.968169, -0.0802886, -0.946244, 0.248838, -0.206642, 8.54, 1.26, -5.46 )

[node name="Vacant0" parent="Stations/Geiger" instance=ExtResource( 3 )]

[node name="Vacant1" parent="Stations/Geiger" instance=ExtResource( 3 )]

[node name="Vacant2" parent="Stations/Geiger" instance=ExtResource( 3 )]

[node name="Vacant3" parent="Stations/Geiger" instance=ExtResource( 3 )]

[node name="Vacant4" parent="Stations/Geiger" instance=ExtResource( 3 )]

[node name="Vacant5" parent="Stations/Geiger" instance=ExtResource( 3 )]

[node name="Vacant6" parent="Stations/Geiger" instance=ExtResource( 3 )]

[node name="Gell-Mann" parent="Stations" instance=ExtResource( 2 )]
transform = Transform( -0.188282, -0.403572, -0.895366, -0.132484, -0.892901, 0.430321, -0.973138, 0.199643, 0.114651, 1.26, -1.54, -2.24 )

[node name="Vacant0" parent="Stations/Gell-Mann" instance=ExtResource( 3 )]

[node name="Vacant1" parent="Stations/Gell-Mann" instance=ExtResource( 3 )]

[node name="Vacant2" parent="Stations/Gell-Mann" instance=ExtResource( 3 )]

[node name="Vacant3" parent="Stations/Gell-Mann" instance=ExtResource( 3 )]

[node name="Gerlach" parent="Stations" instance=ExtResource( 2 )]
transform = Transform( 0.0877753, -0.0418892, 0.995259, -0.946831, -0.313959, 0.0702901, 0.309526, -0.948512, -0.0672198, 4.62, -8.12, 0.14 )

[node name="Vacant0" parent="Stations/Gerlach" instance=ExtResource( 3 )]

[node name="Vacant1" parent="Stations/Gerlach" instance=ExtResource( 3 )]

[node name="Vacant2" parent="Stations/Gerlach" instance=ExtResource( 3 )]

[node name="Gibbs" parent="Stations" instance=ExtResource( 2 )]
transform = Transform( 0.276368, 0.0675288, -0.958677, 0.339816, 0.926223, 0.163205, 0.89897, -0.370878, 0.233031, -2.1, 2.1, 4.9 )

[node name="Vacant0" parent="Stations/Gibbs" instance=ExtResource( 3 )]

[node name="Vacant1" parent="Stations/Gibbs" instance=ExtResource( 3 )]

[node name="Vacant2" parent="Stations/Gibbs" instance=ExtResource( 3 )]

[node name="Vacant3" parent="Stations/Gibbs" instance=ExtResource( 3 )]

[node name="Vacant4" parent="Stations/Gibbs" instance=ExtResource( 3 )]

[node name="Vacant5" parent="Stations/Gibbs" instance=ExtResource( 3 )]

[node name="Ginzburg" parent="Stations" instance=ExtResource( 2 )]
transform = Transform( -0.455577, -0.247185, 0.85519, -0.0689648, 0.967588, 0.242934, -0.887521, 0.0516971, -0.457858, 8.96, 6.02, 7.42 )

[node name="Vacant0" parent="Stations/Ginzburg" instance=ExtResource( 3 )]

[node name="Vacant1" parent="Stations/Ginzburg" instance=ExtResource( 3 )]

[node name="Glashow" parent="Stations" instance=ExtResource( 2 )]
transform = Transform( -0.343695, -0.745986, 0.57042, 0.702705, -0.607249, -0.37075, 0.622961, 0.273412, 0.732916, 0.14, -7.14, -11.2 )

[node name="Vacant0" parent="Stations/Glashow" instance=ExtResource( 3 )]

[node name="Vacant1" parent="Stations/Glashow" instance=ExtResource( 3 )]

[node name="Vacant2" parent="Stations/Glashow" instance=ExtResource( 3 )]

[node name="Goddard" parent="Stations" instance=ExtResource( 2 )]
transform = Transform( -0.89038, 0.100972, 0.443879, 0.399707, -0.293226, 0.868477, 0.217849, 0.950696, 0.220723, -11.34, 6.58, 0 )

[node name="Vacant0" parent="Stations/Goddard" instance=ExtResource( 3 )]

[node name="Vacant1" parent="Stations/Goddard" instance=ExtResource( 3 )]

[node name="Goldstone" parent="Stations" instance=ExtResource( 2 )]
transform = Transform( 0.161532, -0.259653, -0.952097, 0.599793, 0.791961, -0.114221, 0.783681, -0.552611, 0.283665, -3.64, -5.46, -3.64 )

[node name="Vacant0" parent="Stations/Goldstone" instance=ExtResource( 3 )]

[node name="Vacant1" parent="Stations/Goldstone" instance=ExtResource( 3 )]

[node name="Vacant2" parent="Stations/Goldstone" instance=ExtResource( 3 )]

[node name="Vacant3" parent="Stations/Goldstone" instance=ExtResource( 3 )]

[node name="Vacant4" parent="Stations/Goldstone" instance=ExtResource( 3 )]

[node name="Vacant5" parent="Stations/Goldstone" instance=ExtResource( 3 )]

[node name="Green" parent="Stations" instance=ExtResource( 2 )]
transform = Transform( -0.717606, 0.0386988, 0.695374, 0.20697, 0.965196, 0.159872, -0.664985, 0.258647, -0.70064, -7.14, 11.34, 0.42 )

[node name="Vacant0" parent="Stations/Green" instance=ExtResource( 3 )]

[node name="Vacant1" parent="Stations/Green" instance=ExtResource( 3 )]

[node name="Vacant2" parent="Stations/Green" instance=ExtResource( 3 )]

[node name="Grover" parent="Stations" instance=ExtResource( 2 )]
transform = Transform( -0.269772, -0.391526, -0.879733, 0.386073, -0.880938, 0.273672, -0.88214, -0.265813, 0.38881, -4.9, 4.34, 2.1 )

[node name="Vacant0" parent="Stations/Grover" instance=ExtResource( 3 )]

[node name="Vacant1" parent="Stations/Grover" instance=ExtResource( 3 )]

[node name="Vacant2" parent="Stations/Grover" instance=ExtResource( 3 )]

[node name="Vacant3" parent="Stations/Grover" instance=ExtResource( 3 )]

[node name="Vacant4" parent="Stations/Grover" instance=ExtResource( 3 )]

[node name="Vacant5" parent="Stations/Grover" instance=ExtResource( 3 )]

[node name="Hall" parent="Stations" instance=ExtResource( 2 )]
transform = Transform( 0.149674, 0.109903, -0.982608, -0.669563, 0.742514, -0.0189414, 0.727518, 0.660753, 0.184722, 4.06, 1.4, -8.26 )

[node name="Vacant0" parent="Stations/Hall" instance=ExtResource( 3 )]

[node name="Vacant1" parent="Stations/Hall" instance=ExtResource( 3 )]

[node name="Vacant2" parent="Stations/Hall" instance=ExtResource( 3 )]

[node name="Vacant3" parent="Stations/Hall" instance=ExtResource( 3 )]

[node name="Hamilton" parent="Stations" instance=ExtResource( 2 )]
transform = Transform( -0.0868868, 0.260182, -0.961642, 0.957305, -0.245349, -0.152877, -0.275714, -0.933868, -0.227756, -0.28, -6.58, -2.38 )

[node name="Vacant0" parent="Stations/Hamilton" instance=ExtResource( 3 )]

[node name="Vacant1" parent="Stations/Hamilton" instance=ExtResource( 3 )]

[node name="Vacant2" parent="Stations/Hamilton" instance=ExtResource( 3 )]

[node name="Vacant3" parent="Stations/Hamilton" instance=ExtResource( 3 )]

[node name="Hawking" parent="Stations" instance=ExtResource( 2 )]
transform = Transform( -0.150233, -0.988504, 0.0170219, -0.77186, 0.106514, -0.626807, 0.617788, -0.107305, -0.778989, 0.42, 6.02, -7 )

[node name="Vacant0" parent="Stations/Hawking" instance=ExtResource( 3 )]

[node name="Vacant1" parent="Stations/Hawking" instance=ExtResource( 3 )]

[node name="Vacant2" parent="Stations/Hawking" instance=ExtResource( 3 )]

[node name="Vacant3" parent="Stations/Hawking" instance=ExtResource( 3 )]

[node name="Vacant4" parent="Stations/Hawking" instance=ExtResource( 3 )]

[node name="Heaviside" parent="Stations" instance=ExtResource( 2 )]
transform = Transform( -0.0628533, -0.461656, 0.88483, 0.321768, 0.829867, 0.455836, -0.94473, 0.313361, 0.0963863, -7.28, 6.3, 7.14 )

[node name="Vacant0" parent="Stations/Heaviside" instance=ExtResource( 3 )]

[node name="Vacant1" parent="Stations/Heaviside" instance=ExtResource( 3 )]

[node name="Vacant2" parent="Stations/Heaviside" instance=ExtResource( 3 )]

[node name="Vacant3" parent="Stations/Heaviside" instance=ExtResource( 3 )]

[node name="Heisenberg" parent="Stations" instance=ExtResource( 2 )]
transform = Transform( -0.275883, -0.706935, 0.651253, -0.76805, -0.245242, -0.59157, 0.577917, -0.663399, -0.475303, 0.56, 1.26, -5.46 )

[node name="Vacant0" parent="Stations/Heisenberg" instance=ExtResource( 3 )]

[node name="Vacant1" parent="Stations/Heisenberg" instance=ExtResource( 3 )]

[node name="Vacant2" parent="Stations/Heisenberg" instance=ExtResource( 3 )]

[node name="Vacant3" parent="Stations/Heisenberg" instance=ExtResource( 3 )]

[node name="Vacant4" parent="Stations/Heisenberg" instance=ExtResource( 3 )]

[node name="Vacant5" parent="Stations/Heisenberg" instance=ExtResource( 3 )]

[node name="Vacant6" parent="Stations/Heisenberg" instance=ExtResource( 3 )]

[node name="Helmholtz" parent="Stations" instance=ExtResource( 2 )]
transform = Transform( 0.516782, 0.47391, -0.712984, -0.454054, -0.554311, -0.697548, -0.72579, 0.684214, -0.0712773, -8.54, 2.24, 5.46 )

[node name="Vacant0" parent="Stations/Helmholtz" instance=ExtResource( 3 )]

[node name="Vacant1" parent="Stations/Helmholtz" instance=ExtResource( 3 )]

[node name="Vacant2" parent="Stations/Helmholtz" instance=ExtResource( 3 )]

[node name="Higgs" parent="Stations" instance=ExtResource( 2 )]
transform = Transform( -0.712716, -0.298587, 0.634729, -0.699783, 0.240264, -0.672739, 0.0483684, -0.923645, -0.380186, -3.22, 8.54, 2.66 )

[node name="Vacant0" parent="Stations/Higgs" instance=ExtResource( 3 )]

[node name="Vacant1" parent="Stations/Higgs" instance=ExtResource( 3 )]

[node name="Vacant2" parent="Stations/Higgs" instance=ExtResource( 3 )]

[node name="Vacant3" parent="Stations/Higgs" instance=ExtResource( 3 )]

[node name="Vacant4" parent="Stations/Higgs" instance=ExtResource( 3 )]

[node name="Vacant5" parent="Stations/Higgs" instance=ExtResource( 3 )]

[node name="Hooft" parent="Stations" instance=ExtResource( 2 )]
transform = Transform( 0.0923288, -0.286509, -0.953618, 0.730897, -0.630893, 0.260313, -0.676214, -0.721031, 0.151159, -10.08, -1.54, -6.44 )

[node name="Vacant0" parent="Stations/Hooft" instance=ExtResource( 3 )]

[node name="Vacant1" parent="Stations/Hooft" instance=ExtResource( 3 )]

[node name="Hooke" parent="Stations" instance=ExtResource( 2 )]
transform = Transform( 0.810429, -0.580234, -0.0808268, 0.567599, 0.811848, -0.136874, 0.145038, 0.0650498, 0.987285, 8.26, -9.38, 4.06 )

[node name="Vacant0" parent="Stations/Hooke" instance=ExtResource( 3 )]

[node name="Vacant1" parent="Stations/Hooke" instance=ExtResource( 3 )]

[node name="Vacant2" parent="Stations/Hooke" instance=ExtResource( 3 )]

[node name="Vacant3" parent="Stations/Hooke" instance=ExtResource( 3 )]

[node name="Hubbard" parent="Stations" instance=ExtResource( 2 )]
