[gd_scene load_steps=6 format=2]

[ext_resource path="res://scripts/Universe/Universe.gd" type="Script" id=1]
[ext_resource path="res://scenes/Universe/Station/Station.tscn" type="PackedScene" id=2]
[ext_resource path="res://scenes/Universe/Station/StationBuilding.tscn" type="PackedScene" id=3]
[ext_resource path="res://scenes/Universe/Player.tscn" type="PackedScene" id=4]
[ext_resource path="res://scenes/Universe/AsteroidField.tscn" type="PackedScene" id=5]

[node name="Universe" type="Spatial" groups=[
"Persist",
]]
script = ExtResource( 1 )
universe_scale = 100000.0

[node name="Stations" type="Spatial" parent="."]

[node name="Dirac" parent="Stations" instance=ExtResource( 2 )]
transform=Transform(0.61017293664216, -0.787074156659165, 0.09057184611537482, -0.13290772272817722, -0.21438867189367428, -0.9676636991242756, 0.7810406677175606, 0.5784045031661935, -0.23542239929194592, -11.9, -0.28, 6.44)

[node name="Vacant0" parent="Stations/Dirac" instance=ExtResource( 3 )]

[node name="Vacant1" parent="Stations/Dirac" instance=ExtResource( 3 )]

[node name="Vacant2" parent="Stations/Dirac" instance=ExtResource( 3 )]

[node name="Abrikosov" parent="Stations" instance=ExtResource( 2 )]
transform=Transform(-0.13738283635360007, 0.841132202433042, 0.5230894515334639, -0.5290125341344435, 0.3841649706485516, -0.7566789372351075, -0.8374196648061796, -0.38067557494110066, 0.39219180465579373, -7.5600000000000005, -1.4000000000000001, 9.94)

[node name="Vacant0" parent="Stations/Abrikosov" instance=ExtResource( 3 )]

[node name="Vacant1" parent="Stations/Abrikosov" instance=ExtResource( 3 )]

[node name="Vacant2" parent="Stations/Abrikosov" instance=ExtResource( 3 )]

[node name="Vacant3" parent="Stations/Abrikosov" instance=ExtResource( 3 )]

[node name="Vacant4" parent="Stations/Abrikosov" instance=ExtResource( 3 )]

[node name="Vacant5" parent="Stations/Abrikosov" instance=ExtResource( 3 )]

[node name="Adler" parent="Stations" instance=ExtResource( 2 )]
transform=Transform(-0.5184706288384355, 0.781750826530375, -0.34648788182410123, 0.33832814210806367, -0.18459446044518693, -0.9227453350901622, -0.785316671979898, -0.595642955462436, -0.1687814987443572, -3.5, -0.42, 12.46)

[node name="Vacant0" parent="Stations/Adler" instance=ExtResource( 3 )]

[node name="Vacant1" parent="Stations/Adler" instance=ExtResource( 3 )]

[node name="Vacant2" parent="Stations/Adler" instance=ExtResource( 3 )]

[node name="Vacant3" parent="Stations/Adler" instance=ExtResource( 3 )]

[node name="Vacant4" parent="Stations/Adler" instance=ExtResource( 3 )]

[node name="Vacant5" parent="Stations/Adler" instance=ExtResource( 3 )]

[node name="Alcubierre" parent="Stations" instance=ExtResource( 2 )]
transform=Transform(-0.46159819091833865, 0.480247387026931, -0.7458482133750286, -0.43782560639365764, 0.6079032437999757, 0.6623914134131671, 0.7715152937738454, 0.6323101244099074, -0.0703424341474229, -3.9200000000000004, 7.700000000000001, 10.92)

[node name="Vacant0" parent="Stations/Alcubierre" instance=ExtResource( 3 )]

[node name="Vacant1" parent="Stations/Alcubierre" instance=ExtResource( 3 )]

[node name="Vacant2" parent="Stations/Alcubierre" instance=ExtResource( 3 )]

[node name="Alferov" parent="Stations" instance=ExtResource( 2 )]
transform=Transform(-0.44406360446929033, 0.05261080239283565, -0.8944493382284564, 0.5066927599554237, -0.8085743219403897, -0.2991153839363571, -0.7389654675250373, -0.5860372593702732, 0.3324009152142665, -1.26, 2.1, 8.96)

[node name="Vacant0" parent="Stations/Alferov" instance=ExtResource( 3 )]

[node name="Vacant1" parent="Stations/Alferov" instance=ExtResource( 3 )]

[node name="Vacant2" parent="Stations/Alferov" instance=ExtResource( 3 )]

[node name="Vacant3" parent="Stations/Alferov" instance=ExtResource( 3 )]

[node name="Vacant4" parent="Stations/Alferov" instance=ExtResource( 3 )]

[node name="Vacant5" parent="Stations/Alferov" instance=ExtResource( 3 )]

[node name="Vacant6" parent="Stations/Alferov" instance=ExtResource( 3 )]

[node name="Alvarez" parent="Stations" instance=ExtResource( 2 )]
transform=Transform(0.7031131823414329, 0.4801831689404977, 0.5244577934247565, 0.37690513644117246, 0.37375236972162706, -0.8474973063389226, -0.6029712853378378, 0.7935573642741462, 0.08180671527635222, -2.66, 4.62, 12.88)

[node name="Vacant0" parent="Stations/Alvarez" instance=ExtResource( 3 )]

[node name="Vacant1" parent="Stations/Alvarez" instance=ExtResource( 3 )]

[node name="Vacant2" parent="Stations/Alvarez" instance=ExtResource( 3 )]

[node name="Vacant3" parent="Stations/Alvarez" instance=ExtResource( 3 )]

[node name="Vacant4" parent="Stations/Alvarez" instance=ExtResource( 3 )]

[node name="Vacant5" parent="Stations/Alvarez" instance=ExtResource( 3 )]

[node name="Vacant6" parent="Stations/Alvarez" instance=ExtResource( 3 )]

[node name="Ampere" parent="Stations" instance=ExtResource( 2 )]
transform=Transform(0.3966407574376884, 0.9177116674924327, 0.02194094089858366, 0.7942107285175114, -0.35505253572487405, 0.4931196767347866, 0.4603318675118422, -0.17816563143209005, -0.8696847587082712, 2.24, -0.42, 9.94)

[node name="Vacant0" parent="Stations/Ampere" instance=ExtResource( 3 )]

[node name="Vacant1" parent="Stations/Ampere" instance=ExtResource( 3 )]

[node name="Arago" parent="Stations" instance=ExtResource( 2 )]
transform=Transform(0.5890156387097336, -0.1035332973496194, 0.8014620600473115, -0.6941686548794798, 0.4429512152945254, 0.5673835558525793, -0.4137516839097799, -0.8905476277038857, 0.1890356232375351, 1.54, -4.8999999999999995, 11.34)

[node name="Vacant0" parent="Stations/Arago" instance=ExtResource( 3 )]

[node name="Vacant1" parent="Stations/Arago" instance=ExtResource( 3 )]

[node name="Vacant2" parent="Stations/Arago" instance=ExtResource( 3 )]

[node name="Avicenna" parent="Stations" instance=ExtResource( 2 )]
transform=Transform(0.7593104101670545, -0.30381571435106913, 0.5754508777691537, -0.4235888693044138, -0.9020745971383778, 0.08266735146986348, 0.49398397829620766, -0.30652476720647426, -0.8136475872733041, -11.76, 0.7000000000000001, 1.4000000000000001)

[node name="Vacant0" parent="Stations/Avicenna" instance=ExtResource( 3 )]

[node name="Vacant1" parent="Stations/Avicenna" instance=ExtResource( 3 )]

[node name="Bell" parent="Stations" instance=ExtResource( 2 )]
transform=Transform(-0.05117291847687592, 0.0890886455891472, 0.9947082716262343, 0.08765796897428069, -0.9917684569054681, 0.0933349257387109, 0.9948353697420811, 0.09197032735854521, 0.042942356662146394, 3.9200000000000004, -5.88, 6.44)

[node name="Vacant0" parent="Stations/Bell" instance=ExtResource( 3 )]

[node name="Vacant1" parent="Stations/Bell" instance=ExtResource( 3 )]

[node name="Vacant2" parent="Stations/Bell" instance=ExtResource( 3 )]

[node name="Vacant3" parent="Stations/Bell" instance=ExtResource( 3 )]

[node name="Vacant4" parent="Stations/Bell" instance=ExtResource( 3 )]

[node name="Vacant5" parent="Stations/Bell" instance=ExtResource( 3 )]

[node name="Bhabha" parent="Stations" instance=ExtResource( 2 )]
transform=Transform(0.011497303187626822, 0.0025490582501263366, 0.9999306547563432, 0.5942213456735059, -0.8042873391221285, -0.004782099310348346, 0.8042193757709271, 0.5942351204951486, -0.010761840211446968, -11.06, -3.5, 1.82)

[node name="Vacant0" parent="Stations/Bhabha" instance=ExtResource( 3 )]

[node name="Vacant1" parent="Stations/Bhabha" instance=ExtResource( 3 )]

[node name="Bloch" parent="Stations" instance=ExtResource( 2 )]
transform=Transform(-0.7004582144231356, -0.13189646778663133, -0.7013997516627468, -0.12943871556153339, 0.9899539183490197, -0.056893395567528836, 0.7018574704033099, 0.05093683667870402, -0.7104938633853455, 9.94, -3.08, 4.2)

[node name="Vacant0" parent="Stations/Bloch" instance=ExtResource( 3 )]

[node name="Vacant1" parent="Stations/Bloch" instance=ExtResource( 3 )]

[node name="Vacant2" parent="Stations/Bloch" instance=ExtResource( 3 )]

[node name="Vacant3" parent="Stations/Bloch" instance=ExtResource( 3 )]

[node name="Vacant4" parent="Stations/Bloch" instance=ExtResource( 3 )]

[node name="Bogolyubov" parent="Stations" instance=ExtResource( 2 )]
transform=Transform(0.6554547269491686, 0.6072301376575184, 0.4490552981988101, 0.731181557822384, -0.36135600904104376, -0.5786150397547243, -0.1890836598451138, 0.7075969153765161, -0.6808479822465636, -10.64, -4.2, -3.64)

[node name="Vacant0" parent="Stations/Bogolyubov" instance=ExtResource( 3 )]

[node name="Vacant1" parent="Stations/Bogolyubov" instance=ExtResource( 3 )]

[node name="Vacant2" parent="Stations/Bogolyubov" instance=ExtResource( 3 )]

[node name="Vacant3" parent="Stations/Bogolyubov" instance=ExtResource( 3 )]

[node name="Vacant4" parent="Stations/Bogolyubov" instance=ExtResource( 3 )]

[node name="Bohm" parent="Stations" instance=ExtResource( 2 )]
transform=Transform(-0.8442680738824023, 0.5347586317529621, 0.035279245862092, -0.18524117739660806, -0.3529600502057652, 0.9171177182649246, 0.5028887805664553, 0.7677580404817934, 0.3970522203135753, 7.28, 1.54, 3.5)

[node name="Vacant0" parent="Stations/Bohm" instance=ExtResource( 3 )]

[node name="Vacant1" parent="Stations/Bohm" instance=ExtResource( 3 )]

[node name="Vacant2" parent="Stations/Bohm" instance=ExtResource( 3 )]

[node name="Vacant3" parent="Stations/Bohm" instance=ExtResource( 3 )]

[node name="Bohr" parent="Stations" instance=ExtResource( 2 )]
transform=Transform(0.3486267921666418, 0.11108302698484082, -0.9306556403415187, -0.3231362974935841, 0.946317809247185, -0.008095501451201243, 0.8797967339253625, 0.3035509265633917, 0.36580670026227147, 9.1, -6.3, 7.840000000000001)

[node name="Vacant0" parent="Stations/Bohr" instance=ExtResource( 3 )]

[node name="Vacant1" parent="Stations/Bohr" instance=ExtResource( 3 )]

[node name="Vacant2" parent="Stations/Bohr" instance=ExtResource( 3 )]

[node name="Vacant3" parent="Stations/Bohr" instance=ExtResource( 3 )]

[node name="Boltzmann" parent="Stations" instance=ExtResource( 2 )]
transform=Transform(-0.042821426376264314, 0.030090664061567046, -0.9986294995539818, -0.910933117379443, 0.40934018613870654, 0.05139521060662347, 0.4103257012477676, 0.9118854993628658, 0.009882051774035889, 5.739999999999999, 5.32, 1.12)

[node name="Vacant0" parent="Stations/Boltzmann" instance=ExtResource( 3 )]

[node name="Vacant1" parent="Stations/Boltzmann" instance=ExtResource( 3 )]

[node name="Vacant2" parent="Stations/Boltzmann" instance=ExtResource( 3 )]

[node name="Vacant3" parent="Stations/Boltzmann" instance=ExtResource( 3 )]

[node name="Vacant4" parent="Stations/Boltzmann" instance=ExtResource( 3 )]

[node name="Born" parent="Stations" instance=ExtResource( 2 )]
transform=Transform(-0.4431951544900138, 0.39605858457926324, 0.8041863295391458, 0.8956773087257276, 0.15901249757809352, 0.4153037252997073, 0.03660892883451795, 0.904352046050125, -0.4252142555636415, 0, 7.840000000000001, -4.06)

[node name="Vacant0" parent="Stations/Born" instance=ExtResource( 3 )]

[node name="Vacant1" parent="Stations/Born" instance=ExtResource( 3 )]

[node name="Bose" parent="Stations" instance=ExtResource( 2 )]
transform=Transform(-0.831435216279692, -0.4680218045672672, -0.2994512841507617, -0.44472486669891476, 0.23749253275287657, 0.8636070227981336, -0.33306947333788195, 0.8512067242075936, -0.4056005899825632, 8.4, 9.24, -2.94)

[node name="Vacant0" parent="Stations/Bose" instance=ExtResource( 3 )]

[node name="Vacant1" parent="Stations/Bose" instance=ExtResource( 3 )]

[node name="Vacant2" parent="Stations/Bose" instance=ExtResource( 3 )]

[node name="Boyle" parent="Stations" instance=ExtResource( 2 )]
transform=Transform(0.9454126403567715, -0.0803753407491817, 0.31580808104462804, 0.3234630699893723, 0.11374894256101459, -0.939378954639341, 0.039580068300697505, 0.9902529892233114, 0.13353814259457178, -3.5, -6.58, -8.26)

[node name="Vacant0" parent="Stations/Boyle" instance=ExtResource( 3 )]

[node name="Vacant1" parent="Stations/Boyle" instance=ExtResource( 3 )]

[node name="Vacant2" parent="Stations/Boyle" instance=ExtResource( 3 )]

[node name="Vacant3" parent="Stations/Boyle" instance=ExtResource( 3 )]

[node name="Vacant4" parent="Stations/Boyle" instance=ExtResource( 3 )]

[node name="Bragg" parent="Stations" instance=ExtResource( 2 )]
transform=Transform(-0.3105036505012271, 0.3237645751624046, 0.8937359693417961, -0.7000633783013067, 0.5581411673565784, -0.445409590897185, -0.6430386842070805, -0.7639731259486449, 0.05335085230324641, -2.94, -1.26, 2.94)

[node name="Vacant0" parent="Stations/Bragg" instance=ExtResource( 3 )]

[node name="Vacant1" parent="Stations/Bragg" instance=ExtResource( 3 )]

[node name="Vacant2" parent="Stations/Bragg" instance=ExtResource( 3 )]

[node name="Vacant3" parent="Stations/Bragg" instance=ExtResource( 3 )]

[node name="Brillouin" parent="Stations" instance=ExtResource( 2 )]
transform=Transform(-0.27286699084352006, 0.40552523801407975, 0.8724063770065112, -0.9493675860370915, -0.2602706881344442, -0.1759555497281324, 0.15570739189296284, -0.8762467975585688, 0.45601179576656176, 4.06, -2.66, 0.7000000000000001)

[node name="Vacant0" parent="Stations/Brillouin" instance=ExtResource( 3 )]

[node name="Vacant1" parent="Stations/Brillouin" instance=ExtResource( 3 )]

[node name="Vacant2" parent="Stations/Brillouin" instance=ExtResource( 3 )]

[node name="Broglie" parent="Stations" instance=ExtResource( 2 )]
transform=Transform(0.3807362223236918, -0.8493075629075776, -0.36567279444699624, -0.885341612521428, -0.22069769121459656, -0.4092221380014817, 0.26685231523942504, 0.4795510324048291, -0.8359549324998451, -6.44, 6.02, -6.44)

[node name="Vacant0" parent="Stations/Broglie" instance=ExtResource( 3 )]

[node name="Vacant1" parent="Stations/Broglie" instance=ExtResource( 3 )]

[node name="Vacant2" parent="Stations/Broglie" instance=ExtResource( 3 )]

[node name="Carnot" parent="Stations" instance=ExtResource( 2 )]
transform=Transform(-0.09278837335442854, -0.059856125032267546, 0.9938850849400852, 0.6414981311321651, 0.7598147148994798, 0.10564916836474049, -0.7614922622877914, 0.6473784390280103, -0.03210437910126879, -13.44, 1.82, -2.24)

[node name="Vacant0" parent="Stations/Carnot" instance=ExtResource( 3 )]

[node name="Vacant1" parent="Stations/Carnot" instance=ExtResource( 3 )]

[node name="Vacant2" parent="Stations/Carnot" instance=ExtResource( 3 )]

[node name="Vacant3" parent="Stations/Carnot" instance=ExtResource( 3 )]

[node name="Vacant4" parent="Stations/Carnot" instance=ExtResource( 3 )]

[node name="Vacant5" parent="Stations/Carnot" instance=ExtResource( 3 )]

[node name="Vacant6" parent="Stations/Carnot" instance=ExtResource( 3 )]

[node name="Casimir" parent="Stations" instance=ExtResource( 2 )]
transform=Transform(0.3630429348241771, -0.5671886172042904, -0.7392542864185052, 0.8112357777141483, 0.5826898522103123, -0.04867287835792323, 0.45836267347022186, -0.5820391813658332, 0.6716651330270327, -9.1, -3.5, 4.760000000000001)

[node name="Vacant0" parent="Stations/Casimir" instance=ExtResource( 3 )]

[node name="Vacant1" parent="Stations/Casimir" instance=ExtResource( 3 )]

[node name="Vacant2" parent="Stations/Casimir" instance=ExtResource( 3 )]

[node name="Vacant3" parent="Stations/Casimir" instance=ExtResource( 3 )]

[node name="Chandrasekhar" parent="Stations" instance=ExtResource( 2 )]
transform=Transform(0.40796510564650773, -0.682923150695095, 0.605954159008351, -0.5228531128980585, 0.36932912474008367, 0.7682581727202994, -0.7484578110405713, -0.6302475449086716, -0.20639509981815993, -3.9200000000000004, -4.62, -12.32)

[node name="Vacant0" parent="Stations/Chandrasekhar" instance=ExtResource( 3 )]

[node name="Vacant1" parent="Stations/Chandrasekhar" instance=ExtResource( 3 )]

[node name="Vacant2" parent="Stations/Chandrasekhar" instance=ExtResource( 3 )]

[node name="Vacant3" parent="Stations/Chandrasekhar" instance=ExtResource( 3 )]

[node name="Vacant4" parent="Stations/Chandrasekhar" instance=ExtResource( 3 )]

[node name="Cherenkov" parent="Stations" instance=ExtResource( 2 )]
transform=Transform(-0.4630144035812987, 0.6273670276112512, 0.6261216133807216, 0.8575334863660702, 0.13840844064098307, 0.4954588008302854, 0.22417399902108892, 0.766324811177059, -0.6020733360125973, -8.26, 9.1, -2.1)

[node name="Vacant0" parent="Stations/Cherenkov" instance=ExtResource( 3 )]

[node name="Vacant1" parent="Stations/Cherenkov" instance=ExtResource( 3 )]

[node name="Vacant2" parent="Stations/Cherenkov" instance=ExtResource( 3 )]

[node name="Compton" parent="Stations" instance=ExtResource( 2 )]
transform=Transform(0.6675861730452569, -0.2826625468548654, -0.688789217514552, -0.038310000955508454, -0.9369455452566187, 0.34736924021934684, -0.743546263110492, -0.205511386130546, -0.636320693349764, -0.14, 4.34, 0.14)

[node name="Vacant0" parent="Stations/Compton" instance=ExtResource( 3 )]

[node name="Vacant1" parent="Stations/Compton" instance=ExtResource( 3 )]

[node name="Vacant2" parent="Stations/Compton" instance=ExtResource( 3 )]

[node name="Vacant3" parent="Stations/Compton" instance=ExtResource( 3 )]

[node name="Vacant4" parent="Stations/Compton" instance=ExtResource( 3 )]

[node name="Vacant5" parent="Stations/Compton" instance=ExtResource( 3 )]

[node name="Cooper" parent="Stations" instance=ExtResource( 2 )]
transform=Transform(-0.08277279172057478, 0.8223914701225368, 0.5628684880329285, 0.9780866295784315, -0.041231348208092905, 0.20407479257577893, 0.19103719530679505, 0.5674259826573292, -0.8009572674086163, -7.700000000000001, 0, -9.38)

[node name="Vacant0" parent="Stations/Cooper" instance=ExtResource( 3 )]

[node name="Vacant1" parent="Stations/Cooper" instance=ExtResource( 3 )]

[node name="Coriolis" parent="Stations" instance=ExtResource( 2 )]
transform=Transform(-0.025080331136251733, -0.14672904688578323, -0.9888587178106315, -0.17894698178640922, -0.9725343287560408, 0.14884541343478497, -0.9835389950071278, 0.1806863752224477, -0.0018652370740336274, 1.54, -3.5, 3.9200000000000004)

[node name="Vacant0" parent="Stations/Coriolis" instance=ExtResource( 3 )]

[node name="Vacant1" parent="Stations/Coriolis" instance=ExtResource( 3 )]

[node name="Vacant2" parent="Stations/Coriolis" instance=ExtResource( 3 )]

[node name="Vacant3" parent="Stations/Coriolis" instance=ExtResource( 3 )]

[node name="Vacant4" parent="Stations/Coriolis" instance=ExtResource( 3 )]

[node name="Coulomb" parent="Stations" instance=ExtResource( 2 )]
transform=Transform(0.4911986047360144, -0.8089193204872939, -0.3230688218441507, -0.6885727230950894, -0.13344721823217953, -0.7127828876702262, 0.533471213576521, 0.5725743383076716, -0.6225488666737142, 1.26, -7.140000000000001, 2.66)

[node name="Vacant0" parent="Stations/Coulomb" instance=ExtResource( 3 )]

[node name="Vacant1" parent="Stations/Coulomb" instance=ExtResource( 3 )]

[node name="Vacant2" parent="Stations/Coulomb" instance=ExtResource( 3 )]

[node name="Vacant3" parent="Stations/Coulomb" instance=ExtResource( 3 )]

[node name="Vacant4" parent="Stations/Coulomb" instance=ExtResource( 3 )]

[node name="Curie" parent="Stations" instance=ExtResource( 2 )]
transform=Transform(-0.22557111341064268, -0.25272742081869115, 0.9408754027824381, 0.9197648906753662, -0.37362594578012515, 0.12015073250229863, 0.32117007749106213, 0.892486696486978, 0.31672902916869794, -0.42, 2.94, -13.299999999999999)

[node name="Vacant0" parent="Stations/Curie" instance=ExtResource( 3 )]

[node name="Vacant1" parent="Stations/Curie" instance=ExtResource( 3 )]

[node name="Vacant2" parent="Stations/Curie" instance=ExtResource( 3 )]

[node name="Vacant3" parent="Stations/Curie" instance=ExtResource( 3 )]

[node name="Vacant4" parent="Stations/Curie" instance=ExtResource( 3 )]

[node name="Vacant5" parent="Stations/Curie" instance=ExtResource( 3 )]

[node name="Vacant6" parent="Stations/Curie" instance=ExtResource( 3 )]

[node name="d'Alembert" parent="Stations" instance=ExtResource( 2 )]
transform=Transform(0.16149611065772965, 0.3552122000003454, 0.9207297644875728, -0.9031255475665809, -0.3229248020703518, 0.28299084356280496, 0.3978482770793285, -0.8772364933008311, 0.2686501130583628, -0.42, 9.520000000000001, 5.18)

[node name="Vacant0" parent="Stations/d'Alembert" instance=ExtResource( 3 )]

[node name="Vacant1" parent="Stations/d'Alembert" instance=ExtResource( 3 )]

[node name="Vacant2" parent="Stations/d'Alembert" instance=ExtResource( 3 )]

[node name="Vacant3" parent="Stations/d'Alembert" instance=ExtResource( 3 )]

[node name="Deutsch" parent="Stations" instance=ExtResource( 2 )]
transform=Transform(0.3168495536293075, -0.9223245780249649, -0.22118709984078908, -0.9451735037898369, -0.3264837751292987, 0.007442601088646238, -0.07907849327441571, 0.2067020013168525, -0.9752029914602683, 2.8000000000000003, -10.36, -7.28)

[node name="Vacant0" parent="Stations/Deutsch" instance=ExtResource( 3 )]

[node name="Vacant1" parent="Stations/Deutsch" instance=ExtResource( 3 )]

[node name="Vacant2" parent="Stations/Deutsch" instance=ExtResource( 3 )]

[node name="Vacant3" parent="Stations/Deutsch" instance=ExtResource( 3 )]

[node name="Vacant4" parent="Stations/Deutsch" instance=ExtResource( 3 )]

[node name="Vacant5" parent="Stations/Deutsch" instance=ExtResource( 3 )]

[node name="Vacant6" parent="Stations/Deutsch" instance=ExtResource( 3 )]

[node name="Doppler" parent="Stations" instance=ExtResource( 2 )]
transform=Transform(-0.8184558119931474, -0.5074411187905102, 0.2695062054485446, -0.5129995021865461, 0.8566258099960201, 0.05498847520179604, -0.2587693849182969, -0.09325091210973736, -0.961427414223096, 5.6000000000000005, 10.08, 2.24)

[node name="Vacant0" parent="Stations/Doppler" instance=ExtResource( 3 )]

[node name="Vacant1" parent="Stations/Doppler" instance=ExtResource( 3 )]

[node name="Drell" parent="Stations" instance=ExtResource( 2 )]
transform=Transform(0.13269627611546272, 0.23562742769704573, -0.9627416131143197, -0.3540874185931928, -0.8959636190447775, -0.26808821932750787, -0.9257503974069349, 0.3764690009350815, -0.035458328159173956, -1.82, -2.94, 9.799999999999999)

[node name="Vacant0" parent="Stations/Drell" instance=ExtResource( 3 )]

[node name="Vacant1" parent="Stations/Drell" instance=ExtResource( 3 )]

[node name="Vacant2" parent="Stations/Drell" instance=ExtResource( 3 )]

[node name="Vacant3" parent="Stations/Drell" instance=ExtResource( 3 )]

[node name="Vacant4" parent="Stations/Drell" instance=ExtResource( 3 )]

[node name="Vacant5" parent="Stations/Drell" instance=ExtResource( 3 )]

[node name="Drude" parent="Stations" instance=ExtResource( 2 )]
transform=Transform(0.10284350628828133, -0.457780815501461, 0.8830967886778605, -0.6965346366120769, -0.6669467570163059, -0.26461580320365385, 0.7101145775253558, -0.5878934837742719, -0.38745133697244566, -3.64, -0.9800000000000001, -10.780000000000001)

[node name="Vacant0" parent="Stations/Drude" instance=ExtResource( 3 )]

[node name="Vacant1" parent="Stations/Drude" instance=ExtResource( 3 )]

[node name="Dyson" parent="Stations" instance=ExtResource( 2 )]
transform=Transform(-0.3179877087828668, 0.785638570937021, 0.5307125897499115, -0.8807357754241646, -0.4520038430406939, 0.14141081912088418, 0.35098192396620426, -0.4224506618913965, 0.8356716623869105, 8.82, -2.1, 7.42)

[node name="Vacant0" parent="Stations/Dyson" instance=ExtResource( 3 )]

[node name="Vacant1" parent="Stations/Dyson" instance=ExtResource( 3 )]

[node name="Vacant2" parent="Stations/Dyson" instance=ExtResource( 3 )]

[node name="Vacant3" parent="Stations/Dyson" instance=ExtResource( 3 )]

[node name="Vacant4" parent="Stations/Dyson" instance=ExtResource( 3 )]

[node name="Vacant5" parent="Stations/Dyson" instance=ExtResource( 3 )]

[node name="Vacant6" parent="Stations/Dyson" instance=ExtResource( 3 )]

[node name="Eckart" parent="Stations" instance=ExtResource( 2 )]
transform=Transform(-0.32656400641317657, 0.4262246068046116, 0.8436163430550816, 0.8783336413303562, 0.4665326255962754, 0.10429440906205262, -0.3491217040270228, 0.7750354145511673, -0.526720174256472, 0.84, 7.840000000000001, 1.82)

[node name="Vacant0" parent="Stations/Eckart" instance=ExtResource( 3 )]

[node name="Vacant1" parent="Stations/Eckart" instance=ExtResource( 3 )]

[node name="Ehrenfest" parent="Stations" instance=ExtResource( 2 )]
transform=Transform(0.26532844310484793, -0.037660217344679565, 0.9634222985322213, 0.8616452363117343, -0.43910792771419827, -0.2544635819912888, 0.432629522826231, 0.8976446601234219, -0.08405807594189665, -8.12, 3.08, -2.8000000000000003)

[node name="Vacant0" parent="Stations/Ehrenfest" instance=ExtResource( 3 )]

[node name="Vacant1" parent="Stations/Ehrenfest" instance=ExtResource( 3 )]

[node name="Vacant2" parent="Stations/Ehrenfest" instance=ExtResource( 3 )]

[node name="Einstein" parent="Stations" instance=ExtResource( 2 )]
transform=Transform(-0.6817243591447931, -0.0763105577533247, -0.7276184418525946, 0.4975731577902658, 0.6807524778562365, -0.5375844273592918, 0.5363514247163369, -0.7285278050067622, -0.42611546150871454, 10.5, 7.140000000000001, -1.26)

[node name="Vacant0" parent="Stations/Einstein" instance=ExtResource( 3 )]

[node name="Vacant1" parent="Stations/Einstein" instance=ExtResource( 3 )]

[node name="Vacant2" parent="Stations/Einstein" instance=ExtResource( 3 )]

[node name="Vacant3" parent="Stations/Einstein" instance=ExtResource( 3 )]

[node name="Vacant4" parent="Stations/Einstein" instance=ExtResource( 3 )]

[node name="Vacant5" parent="Stations/Einstein" instance=ExtResource( 3 )]

[node name="Ellis" parent="Stations" instance=ExtResource( 2 )]
transform=Transform(-0.9177963205315903, -0.12979109519603577, -0.37523883811045977, -0.2304156548236183, -0.5955466494712989, 0.7695666405943757, -0.3233551298972655, 0.7927663337398502, 0.5166846233998057, -7.700000000000001, -4.62, 0.7000000000000001)

[node name="Vacant0" parent="Stations/Ellis" instance=ExtResource( 3 )]

[node name="Vacant1" parent="Stations/Ellis" instance=ExtResource( 3 )]

[node name="Vacant2" parent="Stations/Ellis" instance=ExtResource( 3 )]

[node name="Vacant3" parent="Stations/Ellis" instance=ExtResource( 3 )]

[node name="Euler" parent="Stations" instance=ExtResource( 2 )]
transform=Transform(0.46286826003620096, -0.48897029271397907, -0.7393652863735661, 0.43053261100800394, -0.6050963584696101, 0.669701476648699, -0.7748513694313837, -0.6283044244711498, -0.06956224177157234, 6.16, 3.7800000000000002, -1.82)

[node name="Vacant0" parent="Stations/Euler" instance=ExtResource( 3 )]

[node name="Vacant1" parent="Stations/Euler" instance=ExtResource( 3 )]

[node name="Vacant2" parent="Stations/Euler" instance=ExtResource( 3 )]

[node name="Vacant3" parent="Stations/Euler" instance=ExtResource( 3 )]

[node name="Vacant4" parent="Stations/Euler" instance=ExtResource( 3 )]

[node name="Vacant5" parent="Stations/Euler" instance=ExtResource( 3 )]

[node name="Faddeev" parent="Stations" instance=ExtResource( 2 )]
transform=Transform(0.0997574137756, -0.78526284127871, -0.6110734231691733, -0.4579782860593014, 0.5089797563724001, -0.7288315972165843, 0.8833483728942896, 0.35256471421567437, -0.30885882599503517, -1.12, -11.76, -4.760000000000001)

[node name="Vacant0" parent="Stations/Faddeev" instance=ExtResource( 3 )]

[node name="Vacant1" parent="Stations/Faddeev" instance=ExtResource( 3 )]

[node name="Vacant2" parent="Stations/Faddeev" instance=ExtResource( 3 )]

[node name="Vacant3" parent="Stations/Faddeev" instance=ExtResource( 3 )]

[node name="Vacant4" parent="Stations/Faddeev" instance=ExtResource( 3 )]

[node name="Fahrenheit" parent="Stations" instance=ExtResource( 2 )]
transform=Transform(-0.13064594767766552, -0.4553627240402152, -0.880668170147008, -0.27957879259729723, 0.8691525500092193, -0.4079332586861594, 0.9511925856971564, 0.19292131651828007, -0.24086101915339364, -6.72, -5.18, 8.96)

[node name="Vacant0" parent="Stations/Fahrenheit" instance=ExtResource( 3 )]

[node name="Vacant1" parent="Stations/Fahrenheit" instance=ExtResource( 3 )]

[node name="Vacant2" parent="Stations/Fahrenheit" instance=ExtResource( 3 )]

[node name="Vacant3" parent="Stations/Fahrenheit" instance=ExtResource( 3 )]

[node name="Vacant4" parent="Stations/Fahrenheit" instance=ExtResource( 3 )]

[node name="Vacant5" parent="Stations/Fahrenheit" instance=ExtResource( 3 )]

[node name="Faraday" parent="Stations" instance=ExtResource( 2 )]
transform=Transform(0.8298514787120066, 0.4455290485371633, -0.335932121401134, 0.3548799546012091, -0.8860091852115237, -0.29840901719461466, -0.430588830674624, 0.1284195881880253, -0.8933653610185914, -7.42, 7.840000000000001, 4.2)

[node name="Vacant0" parent="Stations/Faraday" instance=ExtResource( 3 )]

[node name="Vacant1" parent="Stations/Faraday" instance=ExtResource( 3 )]

[node name="Fermi" parent="Stations" instance=ExtResource( 2 )]
transform=Transform(-0.2547167619147101, -0.8579821439914425, -0.44607848165040737, 0.021931948930929857, 0.4560496666244412, -0.8896840400882929, 0.9667669630349273, -0.23640080829723056, -0.09734627378919065, 7, 3.08, 8.82)

[node name="Vacant0" parent="Stations/Fermi" instance=ExtResource( 3 )]

[node name="Vacant1" parent="Stations/Fermi" instance=ExtResource( 3 )]

[node name="Vacant2" parent="Stations/Fermi" instance=ExtResource( 3 )]

[node name="Vacant3" parent="Stations/Fermi" instance=ExtResource( 3 )]

[node name="Vacant4" parent="Stations/Fermi" instance=ExtResource( 3 )]

[node name="Vacant5" parent="Stations/Fermi" instance=ExtResource( 3 )]

[node name="Vacant6" parent="Stations/Fermi" instance=ExtResource( 3 )]

[node name="Feynman" parent="Stations" instance=ExtResource( 2 )]
transform=Transform(0.0044523326748602855, 0.08934338198676363, -0.9959909321017535, -0.21830864368144512, -0.9718897170094194, -0.08815732564749613, -0.9758696187645767, 0.21782593524766072, 0.015177256200041867, -2.24, 10.92, -2.8000000000000003)

[node name="Vacant0" parent="Stations/Feynman" instance=ExtResource( 3 )]

[node name="Vacant1" parent="Stations/Feynman" instance=ExtResource( 3 )]

[node name="Vacant2" parent="Stations/Feynman" instance=ExtResource( 3 )]

[node name="Vacant3" parent="Stations/Feynman" instance=ExtResource( 3 )]

[node name="Vacant4" parent="Stations/Feynman" instance=ExtResource( 3 )]

[node name="Fock" parent="Stations" instance=ExtResource( 2 )]
transform=Transform(-0.48941645619921376, 0.11073213808241388, 0.8649912866596405, 0.5838635123364333, 0.778381083503036, 0.23070823090389087, -0.6477460392496173, 0.6179492555544805, -0.4456049665298813, -5.6000000000000005, -9.520000000000001, -2.94)

[node name="Vacant0" parent="Stations/Fock" instance=ExtResource( 3 )]

[node name="Vacant1" parent="Stations/Fock" instance=ExtResource( 3 )]

[node name="Vacant2" parent="Stations/Fock" instance=ExtResource( 3 )]

[node name="Vacant3" parent="Stations/Fock" instance=ExtResource( 3 )]

[node name="Vacant4" parent="Stations/Fock" instance=ExtResource( 3 )]

[node name="Foucault" parent="Stations" instance=ExtResource( 2 )]
transform=Transform(0.7548116710555379, 0.06617604598935735, 0.6525948759954838, 0.6248660124835914, -0.37514017627483887, -0.6846987035093165, 0.1995039039247165, 0.9246029304959492, -0.3245113453133807, -7.42, -1.12, -0.14)

[node name="Vacant0" parent="Stations/Foucault" instance=ExtResource( 3 )]

[node name="Vacant1" parent="Stations/Foucault" instance=ExtResource( 3 )]

[node name="Vacant2" parent="Stations/Foucault" instance=ExtResource( 3 )]

[node name="Vacant3" parent="Stations/Foucault" instance=ExtResource( 3 )]

[node name="Vacant4" parent="Stations/Foucault" instance=ExtResource( 3 )]

[node name="Fourier" parent="Stations" instance=ExtResource( 2 )]
transform=Transform(-0.4325630082187226, 0.08576572451397518, 0.8975151722502315, -0.6091046065565975, -0.7617427713812399, -0.22077030715193777, 0.6647411693225432, -0.6421776940590675, 0.3817420425636622, 7, -7.42, -7.9799999999999995)

[node name="Vacant0" parent="Stations/Fourier" instance=ExtResource( 3 )]

[node name="Vacant1" parent="Stations/Fourier" instance=ExtResource( 3 )]

[node name="Franklin" parent="Stations" instance=ExtResource( 2 )]
transform=Transform(-0.7437294019967899, 0.3902194185922683, 0.5427664156513459, 0.37592675736927583, -0.42724157427450654, 0.8222795815933065, 0.5527618381358458, 0.8155939201373154, 0.1710581998494304, 5.18, 6.58, -7.42)

[node name="Vacant0" parent="Stations/Franklin" instance=ExtResource( 3 )]

[node name="Vacant1" parent="Stations/Franklin" instance=ExtResource( 3 )]

[node name="Vacant2" parent="Stations/Franklin" instance=ExtResource( 3 )]

[node name="Vacant3" parent="Stations/Franklin" instance=ExtResource( 3 )]

[node name="Freeman" parent="Stations" instance=ExtResource( 2 )]
transform=Transform(0.9479453086590707, -0.3178392927655789, 0.01943902686699029, -0.24937417077140472, -0.7789406162393268, -0.5753816466700791, 0.1980207432147784, 0.5405827414438737, -0.8176540129600615, -3.9200000000000004, 2.66, -2.1)

[node name="Vacant0" parent="Stations/Freeman" instance=ExtResource( 3 )]

[node name="Vacant1" parent="Stations/Freeman" instance=ExtResource( 3 )]

[node name="Fresnel" parent="Stations" instance=ExtResource( 2 )]
transform=Transform(0.20919937896704427, 0.007354216628072843, 0.9778453534877539, 0.9351511391987906, -0.2938461656586671, -0.1978554466849563, 0.2858810359135552, 0.955824432846057, -0.06834973942529739, 0.84, -4.06, 0.14)

[node name="Vacant0" parent="Stations/Fresnel" instance=ExtResource( 3 )]

[node name="Vacant1" parent="Stations/Fresnel" instance=ExtResource( 3 )]

[node name="Vacant2" parent="Stations/Fresnel" instance=ExtResource( 3 )]

[node name="Vacant3" parent="Stations/Fresnel" instance=ExtResource( 3 )]

[node name="Vacant4" parent="Stations/Fresnel" instance=ExtResource( 3 )]

[node name="Friedman" parent="Stations" instance=ExtResource( 2 )]
transform=Transform(-0.0041273371442278415, -0.6950794569140852, -0.7189210761023203, 0.9551774834079092, -0.2155481201986614, 0.2029161971587206, -0.2960049666452089, -0.6858597206826216, 0.6648138861865966, 4.62, 0.42, 7.28)

[node name="Vacant0" parent="Stations/Friedman" instance=ExtResource( 3 )]

[node name="Vacant1" parent="Stations/Friedman" instance=ExtResource( 3 )]

[node name="Galilei" parent="Stations" instance=ExtResource( 2 )]
transform=Transform(-0.8307930353789786, -0.4439932981525782, 0.335638024605942, 0.2400516371571981, -0.8298999099709564, -0.50362818718609, 0.502153506274657, -0.33784033303587985, 0.7960563833738624, 4.760000000000001, 6.72, 9.520000000000001)

[node name="Vacant0" parent="Stations/Galilei" instance=ExtResource( 3 )]

[node name="Vacant1" parent="Stations/Galilei" instance=ExtResource( 3 )]

[node name="Vacant2" parent="Stations/Galilei" instance=ExtResource( 3 )]

[node name="Gauss" parent="Stations" instance=ExtResource( 2 )]
transform=Transform(0.5523741587431561, 0.7754037514457126, 0.30599315514681963, -0.6440757072030726, 0.16396346680376242, 0.7471830197110696, 0.5291968179644053, -0.6098073497405607, 0.5899879016206527, 7.140000000000001, -4.34, -4.34)

[node name="Vacant0" parent="Stations/Gauss" instance=ExtResource( 3 )]

[node name="Vacant1" parent="Stations/Gauss" instance=ExtResource( 3 )]

[node name="Geiger" parent="Stations" instance=ExtResource( 2 )]
transform=Transform(0.22004350368189565, 0.026983885947538425, -0.9751167757692231, -0.23707025216769742, -0.9681691177997962, -0.08028857251133786, -0.9462444462318073, 0.24883815872557455, -0.20664224819122984, 8.54, 1.26, -5.46)

[node name="Vacant0" parent="Stations/Geiger" instance=ExtResource( 3 )]

[node name="Vacant1" parent="Stations/Geiger" instance=ExtResource( 3 )]

[node name="Vacant2" parent="Stations/Geiger" instance=ExtResource( 3 )]

[node name="Vacant3" parent="Stations/Geiger" instance=ExtResource( 3 )]

[node name="Vacant4" parent="Stations/Geiger" instance=ExtResource( 3 )]

[node name="Vacant5" parent="Stations/Geiger" instance=ExtResource( 3 )]

[node name="Vacant6" parent="Stations/Geiger" instance=ExtResource( 3 )]

[node name="Gell-Mann" parent="Stations" instance=ExtResource( 2 )]
transform=Transform(-0.18828205475778284, -0.40357209720420845, -0.8953655288285249, -0.13248356795184413, -0.8929010518599553, 0.4303205965441748, -0.9731382081076337, 0.19964286600222483, 0.11465057337615601, 1.26, -1.54, -2.24)

[node name="Vacant0" parent="Stations/Gell-Mann" instance=ExtResource( 3 )]

[node name="Vacant1" parent="Stations/Gell-Mann" instance=ExtResource( 3 )]

[node name="Vacant2" parent="Stations/Gell-Mann" instance=ExtResource( 3 )]

[node name="Vacant3" parent="Stations/Gell-Mann" instance=ExtResource( 3 )]

[node name="Gerlach" parent="Stations" instance=ExtResource( 2 )]
transform=Transform(0.08777526882905136, -0.041889204093134666, 0.9952591606021175, -0.9468311921163098, -0.31395858400336846, 0.07029012139843928, 0.30952575953803146, -0.9485121517993554, -0.06721980416039007, 4.62, -8.12, 0.14)

[node name="Vacant0" parent="Stations/Gerlach" instance=ExtResource( 3 )]

[node name="Vacant1" parent="Stations/Gerlach" instance=ExtResource( 3 )]

[node name="Vacant2" parent="Stations/Gerlach" instance=ExtResource( 3 )]

[node name="Gibbs" parent="Stations" instance=ExtResource( 2 )]
transform=Transform(0.2763676544424853, 0.06752881072705656, -0.9586765770058996, 0.3398155353327098, 0.9262232673708447, 0.16320496600110143, 0.8989695887651055, -0.3708777678732795, 0.23303081292573927, -2.1, 2.1, 4.8999999999999995)

[node name="Vacant0" parent="Stations/Gibbs" instance=ExtResource( 3 )]

[node name="Vacant1" parent="Stations/Gibbs" instance=ExtResource( 3 )]

[node name="Vacant2" parent="Stations/Gibbs" instance=ExtResource( 3 )]

[node name="Vacant3" parent="Stations/Gibbs" instance=ExtResource( 3 )]

[node name="Vacant4" parent="Stations/Gibbs" instance=ExtResource( 3 )]

[node name="Vacant5" parent="Stations/Gibbs" instance=ExtResource( 3 )]

[node name="Ginzburg" parent="Stations" instance=ExtResource( 2 )]
transform=Transform(-0.45557684335677595, -0.2471851162636983, 0.8551896035937163, -0.06896479336662181, 0.9675881998904725, 0.2429340089584289, -0.8875210403550864, 0.05169713464416387, -0.457857848241797, 8.96, 6.02, 7.42)

[node name="Vacant0" parent="Stations/Ginzburg" instance=ExtResource( 3 )]

[node name="Vacant1" parent="Stations/Ginzburg" instance=ExtResource( 3 )]

[node name="Glashow" parent="Stations" instance=ExtResource( 2 )]
transform=Transform(-0.3436948866529025, -0.7459861300127605, 0.5704195988193544, 0.7027046095453958, -0.6072485201717432, -0.37074987049610797, 0.6229607183541362, 0.27341164674865764, 0.7329161035274677, 0.14, -7.140000000000001, -11.200000000000001)

[node name="Vacant0" parent="Stations/Glashow" instance=ExtResource( 3 )]

[node name="Vacant1" parent="Stations/Glashow" instance=ExtResource( 3 )]

[node name="Vacant2" parent="Stations/Glashow" instance=ExtResource( 3 )]

[node name="Goddard" parent="Stations" instance=ExtResource( 2 )]
transform=Transform(-0.8903797648799864, 0.10097233794295701, 0.44387888129825803, 0.39970703667331203, -0.29322581827464905, 0.8684773481968322, 0.21784893648145126, 0.9506961693766813, 0.2207229811469681, -11.34, 6.58, 0)

[node name="Vacant0" parent="Stations/Goddard" instance=ExtResource( 3 )]

[node name="Vacant1" parent="Stations/Goddard" instance=ExtResource( 3 )]

[node name="Goldstone" parent="Stations" instance=ExtResource( 2 )]
transform=Transform(0.16153186210738021, -0.25965278329471075, -0.9520965758007075, 0.5997932165268982, 0.7919606947445992, -0.11422064344053094, 0.7836807736141289, -0.5526107944177001, 0.2836648638104459, -3.64, -5.46, -3.64)

[node name="Vacant0" parent="Stations/Goldstone" instance=ExtResource( 3 )]

[node name="Vacant1" parent="Stations/Goldstone" instance=ExtResource( 3 )]

[node name="Vacant2" parent="Stations/Goldstone" instance=ExtResource( 3 )]

